0000000000000000000000000000000000000000000000000000000000000000000000000000000000000000000000000000000001110000000100000000100000000111000000010000000011010000000100000011000100000001000001100001000000010001110000010000000111110000000100000000000000000001000000000000000000010000000000000000000100000000000000000000000000000000000000000000000000000000000000000000000000000000000000000000000000000000
0000000000000000000000000000000000000000000000000000000000000000000000000000000000000000000000000000000000000000000000000001111000000110000000010000000011100000000100000001001000000001100000100010000000010000110000100000000100011000001000000001111100000010000000000000000000100000000000000000001000000000000000000010000000000000000000100000000000000000001000000000000000000000000000000000000000000000
0000000000000000000000000000000000000000000000000000000000000000000000000000000000000000000000000000000000000000000000000001111000000110000000010000000011100000000100000001001000000001100000100010000000011000110000100000000110011000001000000001111100000010000000000000000000100000000000000000001000000000000000000010000000000000000000100000000000000000001000000000000000000000000000000000000000000000
0000000000000000000000000000000000000000000000000000000000000000000000000000000000000000000000000000000000000000000000000000111000000000000000011000000001100000000100000000111000000001000000011001000000010000011100010000000110011100000100000000111100000001000000000000000000010000000000000000000100000000000000000001000000000000000000010000000000000000000000000000000000000000000000000000000000000000
0000000000000000000000000000000000000000000000000000000000000000000000000000000000000000000000000000000000000000000000000001110000000011000000110000000001110000001000000000110100000010000000011001000000110000011000010000000111111100000100000000000000000001000000000000000000010000000000000000000100000000000000000001000000000000000000010000000000000000000000000000000000000000000000000000000000000000
0000000000000000000000000000000000000000000000000000000000000000000000000000000000000000000000000000000100000000000000000001000000000010000000010000000001100000000100000000011000000000110000001010000000000110000110100000000000111111001000000000000000000010000000000000000000100000000000000000001000000000000000000010000000000000000000100000000000000000000000000000000000000000000000000000000000000000
0000000000000000000000000000000000000000000000000000000000000000000000000000000000000000000000000000000000000000001000000000111100000110000000001001100011010000000010000000100100000000100000010001000000001000011000010000000011001100000100000000011100000001000000000000000000010000000000000000000100000000000000000001000000000000000000010000000000000000000000000000000000000000000000000000000000000000
0000000000000000000000000000000000000000000000000000000000000000000000000000000000000000000000000000000000000000000000000001111000001100000000010011000111000000000100000001011000000001000000110010000000010000011000100000000010011100001000000000111000000010000000000000000000100000000000000000001000000000000000000010000000000000000000100000000000000000001000000000000000000000000000000000000000000000
0000000000000000000000000000000000000000000000000000000000000000000000000000000000000000000000000000000011111000000000000000100000001100000000001000000111100000000010000011001000000000100011100010000000001111100000100000000000000000001000000000000000000010000000000000000000100000000000000000001000000000000000000010000000000000000000100000000000000000000000000000000000000000000000000000000000000000
0000000000000000000000000000000000000000000000000000000000000000000000000000000000000000000000000000000111000001110000000011000000110100000000100000011001000000001100011100010000000001111100000100000000000000000001000000000000000000010000000000000000000100000000000000000001000000000000000000010000000000000000000100000000000000000001000000000000000000000000000000000000000000000000000000000000000000
0000000000000000000000000000000000000000000000000000000000000000000000000000000000000000000000000000000000000000000000000001111000000000000000010000000000100000000100000000011000000001000000001011000000010000001100010000000100000110000100000001111111000001000000000000000000010000000000000000000100000000000000000001000000000000000000000000000000000000000000000000000000000000000000000000000000000000
0000000000000000000000000000000000000000000000000000000000000000000000000000000000000110000000000000000110000000000000000011000000000011000000100000000001110000001000000000110100000010000000011001000000100000001100010000001100001110000100000001111110000001000000000000000000010000000000000000000100000000000000000001000000000000000000000000000000000000000000000000000000000000000000000000000000000000
0000000000000000000000000000000000000000000000000000000000000000000000000000000000000000000000000000000000000000000000000000111100000000000000001000000001100000000010000000111000000000100000011011000000001000001100010000000011001100000100000000011100000001000000000000000000010000000000000000000100000000000000000001000000000000000000000000000000000000000000000000000000000000000000000000000000000000
0000000000000000000000000000000000000000000000000000000000000000000000000000000000000000000000000000000000000000001000000000011100000110000000001100000001100000000010000000101000000001000000011010000000011000000100100000000010000011001000000000110011100010000000000111100000100000000000000000001000000000000000000010000000000000000000000000000000000000000000000000000000000000000000000000000000000000
0000000000000000000000000000000000000000000000000000000000000000000000000000000000000111000000100000000011000000011000000001100000001110000000010000001100100000000110000110001000000000110111000001000000000011000000010000000000000000000100000000000000000001000000000000000000010000000000000000000100000000000000000001000000000000000000000000000000000000000000000000000000000000000000000000000000000000
0000000000000000000000000000000000000000000000000000000000000000000000000000000000000000000000000000000000000000000000000000000001100000000000000111100001110000000011000000110010000000100000011000100000001000001100001000000011000110000010000000011111000000100000000000000000001000000000000000000010000000000000000000100000000000000000011000000000000000000000000000000000000000000000000000000000000000
0000000000000000000000000000000000000000000000000000000000000000000000000000000000000000000000000000000000000000000000000000000000000000000000001111110000011000000010000100001110000001000000001100100000001000000110001000000011101110000010000000001110000000100000000000000000001000000000000000000010000000000000000000100000000000000000001000000000000000000010000000000000000000000000000000000000000000
0000000000000000000000000000000000000000000000000000000000000000000000000000000000000000000000000000000000000000000000000000111111100000110000001000001100001100000100000000000111000001000000000011001000011000000011000010000011000001100000100000011111110000001000000000000000000010000000000000000000100000000000000000001000000000000000000010000000000000000000000000000000000000000000000000000000000000
0000000000000000000000000000000000000000000000000000000000000000000000000000000000000000000000000000000000000000000000000000000100001000000000011111000111000000001100000011010000000010000001100100000000110000110001000000000110111000010000000000111000000100000000000000000001000000000000000000010000000000000000000100000000000000000000000000000000000000000000000000000000000000000000000000000000000000
0000000000000000000000000000000000000000000000000000000000000000000000000000000000000000000000000000000000000000000000000001110000000000000000010000001110000000000100000110100000000001000011001000000000011111100010000000000000000000100000000000000000001000000000000000000010000000000000000000100000000000000000001000000000000000000000000000000000000000000000000000000000000000000000000000000000000000
0000000000000000000000000000000000000000000000000000000000000000000000000000000000000000000000000000000000000000000000000000000000000000000000001111110001000000000010000000111000000000100000011010000000001100001100100000000001101100001000000000001100000010000000000000000000100000000000000000001000000000000000000010000000000000000000100000000000000000000000000000000000000000000000000000000000000000
0000000000000000000000000000000000000000000000000000000000000000000000000000000000000000000000000000000011100000000000000001100100001100000000010000000111000000000100000011010000000001000011000100000000001111100000100000000000000000001000000000000000000010000000000000000000100000000000000000001000000000000000000010000000000000000000100000000000000000000000000000000000000000000000000000000000000000
0000000000000000000000000000000000000000000000000000000000000000000000000000000000011111100000100000001100000000011000000010000000001010000000100000001110100000001000000110001000000001100111000010000000001110000000010000000000000000000100000000000000000001000000000000000000010000000000000000000100000000000000000001000000000000000000010000000000000000000000000000000000000000000000000000000000000000
0000000000000000000000000000000000000000000000000000000000000000000000000000000000000000000000000000000000000000000000000000000000000000000000000111110000011000000001000000011010000000010000001100100000000100000110001000000001111110000010000000000000000000100000000000000000001000000000000000000010000000000000000000100000000000000000001000000000000000000010000000000000000001100000000000000000000000
0000000000000000000000000000000000000000000000000000000000000000000000000000000000000000000000000000000000000000000100000000011110000011000000001100000001110000000010000000010110000000100000001000100000001000000110001000000011000110000010000000011111000000100000000000000000001000000000000000000010000000000000000000100000000000000000001000000000000000000010000000000000000001100000000000000000010000
0000000000000000000000000000000000000000000000000000000000000000000000000000000000000000000000000000000000000000001100000000000000000111000000011110000001010000001100000000110100000010000000011001000000010000001100010000000110001110000100000000011110000001000000000000000000010000000000000000000100000000000000000001000000000000000000010000000000000000000000000000000000000000000000000000000000000000
0000000000000000000000000000000000000000000000000000000000000000000000000000000000000000000000000000000000000000000000000000111100000000000000001000000000010000000010000000011110000000100000001100100000001000001100001000000011001110000010000000011100000000100000000000000000001000000000000000000010000000000000000000100000000000000000001000000000000000000010000000000000000000000000000000000000000000
0000000000000000000000000000000000000000000000000000000000000000000000000000000000001100000000000000000110000000001000000010000000001111000000100000000110010000001000000011000100000011100011100001000000001111100000010000000000000000000100000000000000000001000000000000000000010000000000000000000100000000000000000001000000000000000000010000000000000000000100000000000000000001000000000000000000000000
0000000000000000000000000000000000000000000000000000000000000000000000000000000000000000000000000000000011000000000010000001101110000001100000011000000000111000000010000000011010000000100000001100100000000100001110001000000000111110000010000000000000000000100000000000000000001000000000000000000010000000000000000000100000000000000000000000000000000000000000000000000000000000000000000000000000000000
0000000000000000000000000000000000000000000000000000000000000000000000000000000000000000000000010000000011111000001110000000100000001100100000001000001110001000000010011110000010000000111100000000100000000000000000001000000000000000000010000000000000000000100000000000000000001000000000000000000010000000000000000000100000000000000000000000000000000000000000000000000000000000000000000000000000000000
0000000000000000000000000000000000000000000000000000000000000000000000000000000000000000000000000000000011011100000000000000100000000000000000001000000000110000000010000000011100000000110000001101000000000111011100010000000000001100000100000000000000000001000000000000000000010000000000000000000100000000000000000001000000000000000000000000000000000000000000000000000000000000000000000000000000000000
0000000000000000000000000000000000000000000000000000000000000000000000000000000000000000000000000000000001100000000000000001101111000001000000010000000000111000000100000000011010000001100000001100100000001110011100001000000000011000000010000000000000000000100000000000000000001000000000000000000010000000000000000000100000000000000000001000000000000000000000000000000000000000000000000000000000000000
0000000000000000000000000000000000000000000000000000000000000000000000000000000000000000000000000000000001100000000000000001111111000001000000010000000000111000000100000000011010000001100000001100100000001110011100001000000000011000000010000000000000000000100000000000000000001000000000000000000010000000000000000000100000000000000000001000000000000000000000000000000000000000000000000000000000000000
0000000000000000000000000000000000000000000000000000000000000000000000000000000000000000000000000000000001100000000000000001111111000001000000010000000000111000000100000000011010000001100000001100100000001110011100001000000000111000000010000000000000000000100000000000000000001000000000000000000010000000000000000000100000000000000000001000000000000000000000000000000000000000000000000000000000000000
0000000000000000000000000000000000000000000000000000000000000000000000000000000000000000000000000000000111100000000000000011001110000110000000100000000011100000001000000001101000000011000000110000000000011000110000010000000011110000000100000000000000000001000000000000000000010000000000000000000100000000000000000001000000000000000000010000000000000000000100000000000000000001000000000000000000010000
0000000000000000000000000000000000000000000000000000000000000000000000000000000000000000000000000000000111100000000000000011001110000110000000100000000011100000001000000001101000000011000000110011000000011000110000010000000011110000000100000000000000000001000000000000000000010000000000000000000100000000000000000001000000000000000000010000000000000000000100000000000000000001000000000000000000010000
0000000000000000000000000000000000000000000000000000000000000000000000000000000000011110000011000000001000110001110000000010000100110100000000100000001001000000001000000100010000000011100110000100000000001110000001000000000000000000010000000000000000000100000000000000000001000000000000000000001000000000000000000010000000000000000000100000000000000000000000000000000000000000000000000000000000000000
0000000000000000000000000000000000000000000000000111111000100000000001000000011000000000010000000101000000000100000011010000000001100000100100000000001110111001000000000000011000010000000000000000000100000000000000000001000000000000000000010000000000000000000100000000000000000001000000000000000000000000000000000000000000000000000000000000000000000000000000000000000000000000000000000000000000000000
0000000000000000000000000000000000000000000000000000000000000000000000000000000000000000000000000000000000000000000000000000000000000000000000000000000000000000000000000000000000000000000000000000000000000000000000000000000000000011100011000000000000100001110000000000001000110100000000000010011001000000000000101100010000000000001100000100000000000000000001000000000000000000010000000000000000000100
0000000000000000000000000000000000000000000000000000000000000000000000000000000000000000000000000000000000000000000000000000000000000000000000000000000000000000000000000000000000000000000000000000000000000000000000000000000000000000000000000000000000000000000000000000000111001100000000000001000111000000000000110011010000000000001111100100000000000000000001000000000000000000010000000000000000000100
0000000000000000000001111000110000000000110000011100000000001000011101000000000010001100010000000000101110000100000000000000000001000000000000000000010000000000000000000100000000000000000001000000000000000000010000000000000000000110000000000000000000100000000000000000000000000000000000000000000000000000000000000000000000000000000000000000000000000000000000000000000000000000000000000000000000000000
0000000000000000000000000000000000000000000000000000000000000000000000000000000000110000111000000000001000011010000000000100001100100000000001000010001000000000010001100010000000000111100000100000000000000000001000000000000000000010000000000000000000010000000000000000000100000000000000000001000000000000000000010000000000000000000000000000000000000000000000000000000000000000000000000000000000000000
0000000000000000000000000000000000000000000000000000000000000000000000000000000000000000000000000000000000000000000000000000000000000000000000000000000000000000000000000000000000000000000000000000000000000000000000000000000000000000000000000000000000000000000000011100000100000000001000000011000000000010000001110000000000110001110100000000000111110001000000000000000000001000000000000000000010000000
0000000000000000000000000000000000000000000000000000000000000000000000000000000000000000000000000000000000000000000000000000000000000000000000000000000000000000000011110011000000000000100001111000000000001000110010000000000010011000100000000000111000001000000000000000000010000000000000000000100000000000000000001000000000000000000010000000000000000000100000000000000000001000000000000000000010000000
0000000000000000000000000000000000000000000000000000000000000000000000000000000000000000000000000000000000000000000000000000000000000000000000000000000000000000000000001111000000000000000100000001000000000001000000110000000000011000011100000000000011111101000000000000000000010000000000000000000100000000000000000001100000000000000000001000000000000000000000000000000000000000000000000000000000000000
0000000000000000000000000000000000000000000000000000000000000000000000000000000000000000000000000000000000111000000000000000011001100011000000001100000001110000000010000000110100000000100000111001000000001000111000010000000001111000000100000000000000000001000000000000000000010000000000000000000100000000000000000001000000000000000000000000000000000000000000000000000000000000000000000000000000000000
0000000000000000000000000000000000000000000000000000000000000000000000000000000000111110000000000100001000110000000001000100000110000000110001000000000000011100010000000000000101000100000000000010010001000000000011000100011000000001100001000011110111100000010000000000000000000100000000000000000001000000000000000000010000000000000000000100000000000000000001000000000000000000010000000000000000000010
0000000000000000000000000000000000000000000000000000000000000000111100000000000000111001110000001100001000000110000111000010000000000011010000100000000011000100001000000001100001000001000000110000010000011000110000000100000001111000000001000000000000000000010000000000000000000100000000000000000001000000000000000000010000000000000000000100000000000000000001000000000000000000010000000000000000000000
0000000000000000000000000000000000000000000000000000000000000000000000000000000001111111000000000000010000011000000001100100000000000000111001000000000000011010010000000000001100100100000000000010001001000000000001000010001000000000110000100001110000110000001000000111111000000010000000000000000000100000000000000000001000000000000000000010000000000000000000100000000000000000001000000000000000000000
0000000000000000000000000000000000000000000000000000000000000000000000000000000000111111000000000000011000011100000001000100000001000000110001000000000000011100010000000000001101000100000000000110010001100000000011000100001000000001100001000011000001110000010000011111110000000100000000000000000001000000000000000000010000000000000000000100000000000000000001000000000000000000010000000000000000000100
0000000000000000000000000000000000000000000000000000000000000111111000000000000001000001100000000010110000000100000011101000000000000001101010000000000000110010100000000000011000101000000000001100001011000000000110000010010000000111000000100110000011000000001000111111100000000010000000000000000000100000000000000000001000000000000000000010000000000000000000100000000000000000000000000000000000000000
0000000000000000000000000000000000000000011110000000000000000100111000000000000001000011000000000000010000011000000011100100000010000001101001000000000000110010010000000000110000100010000000111000001000110000111000000010000111111000000000100000000000000000001000000000000000000010000000000000000000100000000000000000001000000000000000000010000000000000000000100000000000000000001000000000000000000010
0000000000000000000000000000000000000000000000000000000000000000000000000000000000000000000000000000000000000000000000000000000000000000000000000000000000000000000000000000000000000000000000000000001000111000000000000110001001110000000011100110000111000001101001000000000000110010011000000000011000100010000000011000001000011111111000000010000000000000000000100000000000000000001000000000000000000010
0000000000000000000000000000000000000000000000000000000000000000000000000000000000011011100000011000000100001000001101000001000000000110010000010000000110000100000100000111000001000001101111000000010000000110000000000100000000000000000001000000000000000000010000000000000000000100000000000000000001000000000000000000010000000000000000000000000000000000000000000000000000000000000000000000000000000000
0000000000000000000000000000000000000000000000000000000000000000000000000000000000000000000000000000000000000000000000000000110000000000000000110111000000011000011000000000001110000100000000000110100001000000000011001000010000000011000010000111000011100000100000011111000000001000000000000000000010000000000000000000100000000000000000001000000000000000000010000000000000000000100000000000000000000000
0000000000000000000000000000000000000000000000000000000000000000000000000000000000000000000000000000000111110000000000000001000010000110000000110000000011100000001000000001101000000011000001110010000000011111100000100000000000000000001000000000000000000010000000000000000000100000000000000000001000000000000000000010000000000000000000100000000000000000000000000000000000000000000000000000000000000000
0000000000000000000000000000000000000000000000000000000000000000000000000000000000111111110000100000001000000000011100000110000000001101000001000000000010010000010000000011000100000111000001100001000000011111110000010000000000000000000100000000000000000001000000000000000000010000000000000000000110000000000000000000100000000000000000001000000000000000000010000000000000000000000000000000000000000000
0000000000000000000000000000000000000000000000000000000000000000000000000000000000000000000000000000000000000000000000000000000000000000000000000000000000000000000000000000000000000000000000000000000000000000000000010000000011011110001100000000100000000011000000001000000011010000000011000011100100000000011111100001000000000000000000000000000000000000000010000000000000000000100000000000000000001000
0000000000000000000000000000000000000000000000000000000000000000000000000000000000000000000000000000000000000000000000000000000000000000000000000111110000000000000011000000001000000000100000000010000000001000000001100000000011000000111000000000011000111010000000000011111000100000000000000000001000000000000000000010000000000000000000100000000000000000001000000000000000000000000000000000000000000000
0000000000000000000000000000000000000000000000000000000000000000000000000000000000000000000000000000000000111111000001100000011000011000011000000100000000001010000001000000001110100000011000001110001000000011111110000010000000000000000000100000000000000000001000000000000000000010000000000000000000100000000000000000001000000000000000000000000000000000000000000000000000000000000000000000000000000000
0000000000000000000000000000000000000000000000000000000000000000000000000000000000000000000000000000000000000000000000000000000000000110000000111111100001100000011000001000101000000100000000011010000001000000001100100000011000000110001000000011000111000010000000011111000000100000000000000000001000000000000000000010000000000000000000100000000000000000001000000000000000000000000000000000000000000000
0000000000000000000000000000000000000000000000000000000000000000000000000000000000000011000000001000000011101110000110000000100000110011100000011000000001101000000100000001110010000001000001110000100000011111110000001000000000000000000010000000000000000000100000000000000000001000000000000000000010000000000000000000100000000000000000001000000000000000000010000000000000000000100000000000000000001000
0000000000000000000000000000000000000000000000000000000000000001111111000001100000110000001000111000001000000000011010000010000000001100100000010000000110011000000111000011000110000000011111100001100000000000000000011000000000000000000010000000000000000000100000000000000000001000000000000000000010000000000000000000100000000000000000000000000000000000000000000000000000000000000000000000000000000000
0000000000000000000000000000000000000000000000000000000000000000001111100000000000000110000000001100000001000000000111000000100000000011010000001000000001101100000001000000110010000000011111110000100000000000000000001000000000000000000010000000000000000000100000000000000000001000000000000000000011000000000000000000010000000000000000000000000000000000000000000000000000000000000000000000000000000000
0000000000000000000000000000000000000000000000000000000000000000000000000000000000000000000000000000000000000000000000000000011111110000010000001000000000000100000100000000000011000001000000000001110000010000000000010100000010000000011101000000110000001100010000000111111110000100000000000000000001000000000000000000010000000000000000000100000000000000000001000000000000000000000000000000000000000000
0000000000000000000000000000000000000000000000000000000100000011111100000011000001000000000000110000100000000000011100001000000000000101000010000000000011010000110000000000100100000111000000111001000000011111111000010000000000000000000100000000000000000001000000000000000000010000000000000000000100000000000000000001000000000000000000000000000000000000000000000000000000000000000000000000000000000000
0000000000000000000000000000000000000000000000000000000000000000000000000000000000000000000000000000000000000000000000000000000000000000000000000000000000000000000000000000000010000001111100000001100000110000000000011000011000000000001110000100000000000110100001000000000011001000001000000001100010000001100001110000100000001111110000001000000000000000000010000000000000000000100000000000000000001000
0000000000000000000000000000000000000000000000000000000000000001111111000000100000010000000000011000000100000000001110000001000000001110100000011000001110001000000011111110000010000000000000000000100000000000000000001000000000000000000010000000000000000000100000000000000000001000000000000000000010000000000000000000100000000000000000000000000000000000000000000000000000000000000000000000000000000000
0000000000000000000000000000000000000000000000000000000000000000000000000000000000000000000000000000000000000000000000000011110000000000100001100110000000011000010000110000000110000100000000000010100001100000000011001000001100000001100010000001111111100000100000000000000000001000000000000000000010000000000000000000100000000000000000001000000000000000000010000000000000000000100000000000000000001000
0000000000000000000000000000000000000000000000000000000000000000000000000000000000000000000000000000000000000000000000000000000000000000000000000000000000000000000000000000000000000000000000000000000000000000000000000100001111100000000011000110001110000000110001000000110000010100010000000100001101000010000000000110010000110000000111000100000111101111000001000000001110000000010000000000000000000100
0000000000000000000000000000000000000000000011110000000000000001100011110000100000010000000100011000000100000000001110000001000000000110100000011000000110001000000011111111000010000000000000000000100000000000000000001000000000000000000010000000000000000000100000000000000000001000000000000000000010000000000000000000000000000000000000000000000000000000000000000000000000000000000000000000000000000000
0000000000000000000000000000000000000000000000000011110000100000000001100110001000000000010000000110000000000100000001100000000001100000111000000000001100011010000000000001111100100000000000000000001000000000000000000010000000000000000000100000000000000000001000000000000000000000000000000000000000000000000000000000000000000000000000000000000000000000000000000000000000000000000000000000000000000000
0000000000000000000000000000000000000000000000000000000000000000000000000000000000000000000000000000000000000011000000000111111000110000000001000000010100000000010000011001000000000100001100010000000000111110000100000000000000000001000000000000000000010000000000000000000100000000000000000001000000000000000000000000000000000000000000000000000000000000000000000000000000000000000000000000000000000000
0000000000000000000011111100000000000000100000000001000000001000000000110000000010000000001100000000110000001101000000000100000110010000000000111111000100000000000000000001000000000000000000010000000000000000000100000000000000000001000000000000000000010000000000000000000100000000000000000000000000000000000000000000000000000000000000000000000000000000000000000000000000000000000000000000000000000000
0000000000000000000000000000000000000000000000000000000000000000000000000000000000000000000000000000000000000000000000000000000000000000000000000000000000000000000000000000000000000000000000000000000000000000000000000000000000000000000000000111110000100000000010000100011000000000110000001110000000000110000110100000000000111111001000000000000000000010000000000000000000100000000000000000001000000000
0000000000000000000000000000000000000000000000000000000000000000000000000000000000000000000000000000000000000000000000000000000000000000000000011110000000000000001100110001000000000010000000010000000000100000001100000000001000000111000000000011000011010000000000011111000100000000000000000001000000000000000000010000000000000000000100000000000000000000000000000000000000000000000000000000000000000000
0000000000000000000000000000000000000000000000000000000000000000000000000000000000000000000000000000000000000000000000000000000000000000000000000000000000000000000000000000000000000000000000000000000001111000000100000000010011100011000000000100000011010000000001100001100100000000001111110001000000000000000000010000000000000000000100000000000000000001000000000000000000000000000000000000000000000000
0000000000000000000000000000000000000000000000000000000000000000000000000000000000000000000000000000000000000000000000000000011100000000000000001101110011000000000010000001110000000000110000110100000000000110111001000000000000011000010000000000000000000100000000000000000001000000000000000000010000000000000000000100000000000000000000000000000000000000000000000000000000000000000000000000000000000000
0000000000000000000000000000000000000000000000000000000000000000000000000000000000000000000000000000000000000000000000000000000000000000000000000000000000000000000000000000000011000000000011111101110000000001000000110100000000010000111001000000000110111000010000000000111000000100000000000000000001000000000000000000010000000000000000000100000000000000000001000000000000000000010000000000000000000000
0000000000000000000000000000000000000000000000000000000000000000000000000000000000000000000000000000000000000000000000000000000000000000000000000000000001000000001111110000110000000010000000011100000000100000001101000000001000000110010000000001100111000100000000001111000001000000000000000000010000000000000000000100000000000000000001000000000000000000010000000000000000000000000000000000000000000000
0000000000000000000000000000000000000000000000000000000000000000000000000000000000000000000000000000000000000000000000000000000001110000010000000000110110001100000000001000000111000000000010000111010000000000111111000100000000000000000001000000000000000000010000000000000000000100000000000000000001000000000000000000010000000000000000000100000000000000000000000000000000000000000000000000000000000000
0000000000000000000000000000000000000000000000000000000000000000000000000000000000001111000000000000000110000000000000000010000000000000000000100000000000100000001000000000011000000010000000001110000000110000001110100000000110001110001000000000111110000010000000000000000000100000000000000000001000000000000000000010000000000000000000100000000000000000000000000000000000000000000000000000000000000000
0000000000000000000000000000000000000000000000000000000000000000000000000000000000000000000000000000000000000000000100000000000000000011000000011111110000110000000100000000011100000001000000001101000000010000000010010000000100000011000100000001100001100001000000000111110000010000000000000000000100000000000000000001000000000000000000000000000000000000001000000000000000000010000000000000000000000000
0000000000000000000000000000000000000000000000000000000000000000000000000000000000000000000000000000000000000000000000000001111100000000100000110001100000011000001000000000000110000010000000000010100000100000000001101000001000000000110010000010000000011000100000010000001100001000000011111110000000000000000000000000000000000000000000000000000000000000000000000000000000000000000000000000000000000000
0000000000000000000000000000000000000000000000000000000000000000000000000000000000000000000000000000000000000000000000000001111100000000100000110001100000011000001000000000000110000010000000000010100000100000000001101000001000000000110010000010000000011000100000010000001100001000000011111110000010000000000000000000000000000000000000000000000000000000000000000000000000000000000000000000000000000000
0000000000000000000000000000000000000000000000000000000000000000000000000000000000000000000000000000000000000000000000000001111100000000100000110001100000011000001000000000000110000010000000000010100000100000000001101000001000000000110010000010000000011000100000010000001100001000000011111110000010000000000000000000100000000000000000000000000000000000000000000000000000000000000000000000000000000000
0000000000000000000000000000000000000000000000000000000000000000000000000000000000000000000000000000000000000000000000000001111100000000100000110001100000011000001000000000000110000010000000000010100000100000000001101000001000000000110010000010000000011000100000010000001100001000000011111110000010000000000000000000100000000000000000001000000000000000000000000000000000000000000000000000000000000000
0000000000000000000000000000000000000000000000000000000000000000000000000000000000000000000000000000000000000000000000000001111100000000110000110001100000011100001000000000000111000010000000000010110000100000000001101100001000000000110011000010000000011000110000010000001100001100000011111110000011000000000000000000110000000000000000001100000000000000000001000000000000000000010000000000000000000000
0000000000000000000000000000000000000000000000000000000000000000000000000000000000000000000000000000000000000000000000000001111100000001110000111111100000111100001000000000001111000010000000000111110000100000000011101100001000000001110011000010000000111000110000110000111100001100000111111110000011000000000000000000110000000000000000001100000000000000000001000000000000000000010000000000000000000000
0000000000000000000000000000000000000000000000000000000000000000000000000000000000011111100000000100000100001100000011000010000000100001110000100000000000101000001100000000110010000001000000011000100000010000001100001000000111011100000010000000000000000000100000000000000000001000000000000000000010000000000000000000100000000000000000001000000000000000000010000000000000000000100000000000000000001000
0000000000000000000000000000000000000000000000000000000000000000000000000000000000000000000000000000000000000000000000000000000000000011000000011111000001110000001000001000010100000010000000001001000000100000000110010000001100000110000100000001100111000001000000001111000000010000000000000000000100000000000000000001000000000000000000000000000000000000000000000000000000000000000000000000000000000000
0000000000000000000000000000000000000000000000000000000000000000000000000000000000011100000000000000001101110000000010000010000110000001100000100000100000111000010000001000111010000110000000011000100000110000111000001000000111111000000010000000000000000000100000000000000000001000000000000000000010000000000000000000100000000000000000000000000000000000000001000000000000000000110000000000000000000000
0000000000000000000000000000000000000000000000000000000000000000000000000000000000011100000000000000001101110000000010000010000110000001100000100000100000111000010000001000111010000110000000011000100000110000111000001000000111111000000010000000000000000000100000000000000000001000000000000000000010000000000000000000100000000000000000001000000000000000000011000000000000000000110000000000000000000000
0000000000000000000000000000000000000000000000000000000000000000000000000000000000011100000000000000001101110000000010000010000110000001100000100000100000111000010000001000111010000110000000011000100000110000111000001000000111111000000010000000000000000000100000000000000000001000000000000000000010000000000000000000100000000000000000001100000000000000000011000000000000000000110000000000000000000000
0000000000000000000000000000000000000000000000000000000000000000000000000000000000000000000000000000001111100000000000000110001110000000100001000000100000011000010000000000001110000110000000000110100000100000000110001000001100000011000010000001111111100000000000000000000000001000000000000000000010000000000000000000100000000000000000001000000000000000000000000000000000000000000000000000000000000000
0000000000000000000000000000000000000000000000000000000000000000000000000000000000000000000000000000001111100000000000000110001110000000100001000000100000011000010000000000001110000110000000000110100000100000000110001000001100000011000010000001111111100000100000000000000000001000000000000000000010000000000000000000100000000000000000001000000000000000000000000000000000000000000000000000000000000000
0000000000000000000000000000000000000000000000000000000000000000000000000000000000000000000000000000001111100000000000000110001110000000100001000000100000011000010000000000001110000110000000000111100000100000000110001000001100000011000010000001111111100000100000000000000000001000000000000000000010000000000000000000100000000000000000001000000000000000000000000000000000000000000000000000000000000000
0000000000000000000000000000000000000000000000000000000000000000000000000000000000000000000000000000001111100000000000000110001110000000100001000000100000011000010000000000001110000110000000001111100000100000000110001000001100000011000010000001111111100000100000000000000000001000000000000000000010000000000000000000100000000000000000001000000000000000000000000000000000000000000000000000000000000000
0000000000000000000000000000000000000000000000000000000000000000000000000000000000000000000000000000001111100000000000000110001110000000100001000000100000011000010000000000001110000110000000001111100000100000000111001000001100000011000010000001111111100000100000000000000000001000000000000000000010000000000000000000100000000000000000001000000000000000000000000000000000000000000000000000000000000000
0000000000000000000000000000000000000000000000000000000000000000000000000000000000000000000000000000001111100000000000000110011110000000100001000011100000011000010000000000001110000110000000001111100000100000000111001000001100000011000010000001111111100000100000000000000000001000000000000000000010000000000000000000100000000000000000001000000000000000000000000000000000000000000000000000000000000000
0000000000000000000000000000000000000000000000000000000000000000000000000000000000111111000000010000011000011000001100000100000011100011000001000000000001010000010000000000110100000110000000011001000000110000001100010000000111111100000100000000000000000001000000000000000000010000000000000000000100000000000000000001000000000000000000010000000000000000000100000000000000000000000000000000000000000000
