0000000000000000000000000000000000000000000000000000000000000000000000000010000000000000000000100000000011000000001000000000100000000010000000001000000000100000000110000000001000000001000000000100000000011000000001000000000010001100010000000000100011000100000000001101111011000000000000110011100000000000000000000000000000000000000000000000000000000000000000000000000000000000000000000000000000000000
0000000000000000000000000000000000000000000000000000010000000000000000000100000000000000000001000000000010000000010000000001100000000100000000010000000001000000001000000000010000000011001100000100000000010011100011000000000111101000100000000000000001110000000000000000000000000000000000000000000000000000000000000000000000000000000000000000000000000000000000000000000000000000000000000000000000000000
0000000000000000000000000000000001000000000000000000010000000000000000000100000000000000000001000000000000000000010000000000000000000100000000001000000001000000000110001000010000000001000010000100000000010001110001000000000110010100010000000000111101000100000000000000010001000000000000000110110000000000000000101000000000000000001110000000000000000000000000000000000000000000000000000000000000000000
0000000000000000000000000000000000000000000000000000000000000000000000000100000000000000000001000000000000000000010000000000000000000100000000011100000001000000000100010000010000000001000110000100000000010001100001000000000100110100010000000001101001000100000000001100001011000000000000000011100000000000000000000000000000000000000000000000000000000000000000000000000000000000000000000000000000000000
0000000000000000000000000000000000000000000000000000000000000000000000000100000000000000000001000000000000000000010000000000000000000100000000011100000001000000000100010000010000000001000110000100000000010001100001000000000100111100010000000001101001000100000000001100001011000000000000000011100000000000000000000000000000000000000000000000000000000000000000000000000000000000000000000000000000000000
0000000000000000000000000000000000000000000000000000000000000000000000000100000000000000000001000000000000000000010000000000010000000100000000011100000001000000000100010000010000000001000110000100000000010001100001000000000100111100010000000001101001000100000000001100001011000000000000000011100000000000000000000000000000000000000000000000000000000000000000000000000000000000000000000000000000000000
0000000000000000000000000000000000000000000000000000001000000000000000000010000000011100000000100000000101100000001000000001000000000010000000100000000000100000001000001000001000000010000011000010000000010000111000100000000100001010001000000001100110110010000000000111000111100000000000000000110000000000000000000000000000000000000000000000000000000000000000000000000000000000000000000000000000000000
0000000000000000010000000000000000000100000000001000000001000000000010000000010000000000100001100100000000001000011001000000000010000010010000000000010000110100000000000100001101000000000001100101010000000000001111011100000000000000000011000000000000000000000000000000000000000000000000000000000000000000000000000000000000000000000000000000000000000000000000000000000000000000000000000000000000000000
0000000000000000000000000000000000000000000000000000000000000000000000000000000000000000000000000000000000000000000000000000000000000000000000000000000100000000000000000001000000000000000000010000000001100000000100000000010000000001000000000100000000010000000001000100000100000000010001100001000000000110101000010000000000111011001000000000000000011110000000000000000000000000000000000000000000000000
0000000000000000000000000000000000000000000000100000001000000000001000000010000000000110000000100000000001000000001000000000010000100010000000000100001000100000000001000010001000000000011001010010000000000010010100100000000000100100111000000000001111001100000000000000000000000000000000000000000000000000000000000000000000000000000000000000000000000000000000000000000000000000000000000000000000000000
0000000000000000000000000000000000000000000000000000000000000000000000000000000000000000000000000000000000000000000000000000000000000000000000000001000000001000000000010000000010000000000000000000100000000000000000001000000000010001100010000000000100011100100000000001000101001000000000011001011010000000000011010010100000000000011000111000000000000000000100000000000000000000000000000000000000000000
0000000000000000000000000000000000000000000000000000000000000000000000000000000000000000000000000000000000000000000000000000000000000000000000000001000000001000000000010000000010000000000100000000100000000001000000001000000000010001100010000000000100011100100000000001000101001000000000011001011010000000000011010010100000000000011000111000000000000000000100000000000000000000000000000000000000000000
0010000000000000000000100000000000000000010000000000000000000100000000000000000001000000000000000000010000000000100000000100000100001000000001000010100010000000011000101100100000000010001001110000000000110110001100000000000111000000000000000000000000000000000000000000000000000000000000000000000000000000000000000000000000000000000000000000000000000000000000000000000000000000000000000000000000000000
0000000000000000000000000000000000000000000000000000000000000000000000000000000000000000000000000000000000000000000000000000000000000000000000000000000000000000000010000000000000000000100000000000000000011000000010000000000100000000100000000001000110001000000000010011110010000000000110100111100000000000111000110000000000000000000000000000000000000000000000000000000000000000000000000000000000000000
0000000000000000000000000000000000000000000000000000000000000000000000000000000000000000000000000000000001100000000000000000010000000010000000000100000000100000000001000000001000000000010000000010000000000100010000100000000001001110011000000000011110110100000000000000000111000000000000000000000000000000000000000000000000000000000000000000000000000000000000000000000000000000000000000000000000000000
0000000000000000000000000000000000000000000000000000000000000000000000000000000000000000000000000000000000000000000000000000000000000001000000011000000000010000000100000000000100000001000000000001000000010000110000100000000100001110001000000001000010100010000000010000100100100000000100011001111000000001000100000000000000001111000000000000000000000000000000000000000000000000000000000000000000000000
0000000000000000000000000000000000000000000000000000000000000000000000000000000000000000000000000000000000000000000000000000000000000100000000000000000001000000000000100000010000001000001100000100000010000011000001000000100000101000100000001100011011001000000001000100010110000000011011000011000000000011100000000000000000000000000000000000000000000000000000000000000000000000000000000000000000000000
0000000000000000000000000000000000000000000000000000000000000000000000000100000000010000000001000000001100000000010000000010000000000100000000100000000001000000001000000000010000000010001100000100000000100011100010000000001001101100100000000001110001110000000000000000000000000000000000000000000000000000000000000000000000000000000000000000000000000000000000000000000000000000000000000000000000000000
0000000000000000000000000000000000000000000000000000000000000000000000000000000000000000000000000000000000000000000000000000000000000000000000000000000000000000011000000000000000000100000000010000000011000000000100000000100000000001000000001000000000010000000010000110000100000000010001100001000000000110111100010000000000111001001100000000000000001010000000000000000011100000000000000000000000000000
0000000000000000000000000000000000000000000000000000000000000000011000000000000000000100000000010000000001000000000100000000010000000001000000000100011000010000000001000111001000000000011001010010000000000011110110100000000000000000111000000000000000000000000000000000000000000000000000000000000000000000000000000000000000000000000000000000000000000000000000000000000000000000000000000000000000000000
0000000000000000000000000000000000000000000000000000000100000000010000000001000000000100001100010000000001000011100010000000010000101000100000000100001011001000000001000010010110000000011001100011000000000011010000110000000000011000000000000000000000000000000000000000000000000000000000000000000000000000000000000000000000000000000000000000000000000000000000000000000000000000000000000000000000000000
0000000000000000000000000000000000000000000000000000000000000000000000000000000000000000000000000000000000000000000000000000000000000000000000110000000000000000001000000000000000000010000000000100000000100000000001000000001000000000010000000010000110000100000000100001100001000000001100111100010000000001101001000100000000001110011011000000000000000011100000000000000000000000000000000000000000000000
0000000000000000000000000000000000000000000000000000000000000000000000000000000000000000000000000000000000000000000000000000000000000000000000100000000000100000001000000000001000000110000000000010000001000000000000100000010000000000001000000100000110000010000001000010100000100000011000101100011000000010001001000100000000110010001011000000000101000001100000000000110000000000000000000000000000000000
0000000000000000000000000000000000000000000000000000000000000000000000000000000000000000000000000000000100000000000000000001000000000000000000010000000000000000000100000000010000000001000011000100000000010000110001000000000100011110010000000000100100110100000000001001000101000000000001110000110000000000000000000000000000000000000000000000000000000000000000000000000000000000000000000000000000000000
0000000000000000000000000000000000000000000001110000000000000000110000000000000000001000000000010000000100000000000100000001000000000001000000010000000000010000000100000010000100000001000000110001000000010000001100010000000010000011100100000000110001101001000000000111110011010000000000000000011000000000000000000010000000000000000000000000000000000000000000000000000000000000000000000000000000000000
0000000000000000000000000000000000000000000000000000000000000000000000000000100000000000000000001000000010000000000010000000100000000000100000001000000000010000000010000000000100000000100001100001000000001100011100010000000001101101000100000000001110011001000000000000000011100000000000000000000000000000000000000000000000000000000000000000000000000000000000000000000000000000000000000000000000000000
0000000000000001000000000000000000010000000000000000000100000000000000000001000000000000000000010000001100000000000100000010000000000001000000100000000000010000001000000000000100000011000110000010000000010011110000100000000111100110001000000000000000100010000000000000000101000000000000000000110000000000000000000000000000000000000000000000000000000000000000000000000000000000000000000000000000000000
0000000000000000000000000000000000000000000000000000000000000000000000000100000000000000000001110000000000000000000100000000111000000001100000011000000000001000001000000000000010000010000000000000110000000000010000000100001000000100000001000010000011100000100000011101101000001000000001110010000010000000000000010001000000000000000110110000000000000000110000000000000000000000000000000000000000000000
0000000000000000000000000000000000000000000000000000000000000000000000000000000000000000000001000000000000000000010000000000110000000010000000001000000000100000000100000000001000000001000110000010000000010001100000100000000110011100001000000000111101000010000000000000001000100000000000000011001000000000000000011100000000000000000000000000000000000000000000000000000000000000000000000000000000000000
0000000000000000000000000000000000000000000000000000000000000000000000000000000000000000000010000000000110000000110000000011000000000100000000100000000001000000001000000000010000000010000000000100000000110011000001000000000110111000010000000000110010001000000000000000110010000000000000000111100000000000000000000000000000000000000000000000000000000000000000000000000000000000000000000000000000000000
0000000000000000000000000000000000000000000000000000000000000000000000000000000000000000000010000000000000000000100000000000110000001000000000111000000010000000001000000000100000000010000000001000000000100010000010000000001001110000100000000001110110001000000000000000100100000000000000000111000000000000000000000000000000000000000000000000000000000000000000000000000000000000000000000000000000000000
0000000000000000000000000000000000000000000000000000000000000000000000000000000000000000000000000000000000000000000000000000010000000000000000011000000000000000000100000000100000000001001100001000000000010011000010000000000111011000100000000000000010001000000000000000110010000000000000000101000000000000000001110000000000000000000000000000000000000000000000000000000000000000000000000000000000000000
0000000000000000000000000000000000000000000010000000010000000001100000000100000000110000000001000000001000000000010000000010001000000100000000100011000001000000001100111000010000000001111010001000000000000000110010000000000000000111100000000000000000000000000000000000000000000000000000000000000000000000000000000000000000000000000000000000000000000000000000000000000000000000000000000000000000000000
0000000000000000000000000000000000000000000000000000000000000000000000000000000000000001000000000000000000100000000000000000010000000010000000000100000000100000000001000000001000000000011001100010000000000011111000100000000000000010001000000000000000110010000000000000000100100000000000000001111000000000000000000000000000000000000000000000000000000000000000000000000000000000000000000000000000000000
0000000000000000000000000000000000000000000000000001000000000000000000010000000000000000000100000000000001000001000000000001110000010000000000110000000100000000001000100001000000000011011000010000000000011100000100000000000000011001000000000000000011010000000000000000011000000000000000000000000000000000000000000000000000000000000000000000000000000000000000000000000000000000000000000000000000000000
0000000000000000000000000000000000000000000000000001000000000000000000010000000000000000000100000000000001000001000000000001110000010000000000110000000100000000001000110001000000000011011100010000000000011101000100000000000000011001000000000000000011010000000000000000011000000000000000000000000000000000000000000000000000000000000000000000000000000000000000000000000000000000000000000000000000000000
0000000000000000000000000000000000000000000000000000000000000000000000000000000000000000000000000000000000000000000000000000000000000010000000111100000000100000011000000000001000000100000000000010000001000000100000100000011000001100001000000011000101100010000000001111001100100000000000000001101000000000000000001110000000000000000000000000000000000000000000000000000000000000000000000000000000000000
0000000000000000000000000000000000000000000000000000000000000000000000000000000000000000000000000000000000000000000100000000111000000001000000001000000000010000000100000000000100000001000000000001000000010000010000010000000100000100001100000001100011100010000000001100101001100000000000111011110000000000000000000000000000000000000000000000000000000000000000000000000000000000000000000000000000000000
0000000000000000000000000000000000000000001100000000000000000010000000000010000000100000000000100000001000000000001000000010000100000010000000100001000000100000001000011000001000000010001010000010000000110010100000100000000100101100001000000000111001000010000000000000010001100000000000000010010000000000000000111100000000000000000000000000000000000000000000000000000000000000000000000000000000000000
0000000000000000000000000000000000000000000000000000000000000000000000000000000000000000000000000000000000000001000000000000000000010000000000011000000110000000000100000000100000000001000000001000000000010001000010000000000100010000100000000001101110001000000000001110100100000000000000001111000000000000000000000000000000000000000000000000000000000000000000000000000000000000000000000000000000000000
0000000000000000000000000000000000000000000000000000000000000001000000000000000000010000000000100000001100000000000100000010000000000001000000100000000000010000001000000000000100000010000110000001000000100000100000010000001100011100000100000001000101000001000000001111010000010000000000000010001100000000000000110010000000000000000111100000000000000000000000000000000000000000000000000000000000000000
0000000000000000000000000000000000000000000000000000000000000000000000000001000000000000000000010000000011000000000100000001100000000001000000010000000000010000000100000000000100000001000000000001000000001000111000110000000011111010001000000000000000111110000000000000000000000000000000000000000000000000000000000000000000000000000000000000000000000000000000000000000000000000000000000000000000000000
0000000000000000000000000000000000000000000000000000000000000000000000000000100000000000000000001000000011110000000010000001100000000000100000010000000000001000000100000000000010000000100011000000100000000111111000001000000000010010000110000000000000110001000000000000000110110000000000000000111000000000000000000000000000000000000000000000000000000000000000000000000000000000000000000000000000000000
0000000000000000000000000000000000000000000000000000000000000000000000000010000000000000000000100000000000000000001000000000110000000010000000011000000000100000001100000000001000000011000000000010000000010000100000100000000110001100001000000000110111000010000000000111011001000000000000000011110000000000000000000000000000000000000000000000000000000000000000000000000000000000000000000000000000000000
0000000000000000000000000000000000000000000000000000000000000000000000000000000000000000000000000000000000000000010000000000000000000100000000001100000000000000000010000000000000000000100000000100000000001000000001000000000011011000010000000000011110000100000000000000110010000000000000000111100000000000000000110000000000000000000000000000000000000000000000000000000000000000000000000000000000000000
0000000000000000000000000000000000000000000000000000000000000000000000000000000000000000000000110000000011000000000100000001100000000001000000110000000000010000001000000000000100000010000010000001000000010001110000010000000110110100001100000000011001000010000000000000011000100000000000000011111000000000000000000000000000000000000000000000000000000000000000000000000000000000000000000000000000000000
0000000000000000000000000000000000000000000000000000000000000001100000000001000000110000000000010000001000000000000100000010000000000001000000100000000000010000001000000000000100000010000000000001000000110000100000010000000100001100000100000001100011000011000000001111011000100000000000000010011000000000000000111100000000000000000010000000000000000000000000000000000000000000000000000000000000000000
0000000000000000000000000000000000000000000000000000000000000000000000000001000000001100000000010000000110000000000100000001000000000001000000010000000000010000000100000000000100000001100011000001000000001101110000110000000001110010001000000000000000110010000000000000000101100000000000000000110000000000000000000000000000000000000000000000000000000000000000000000000000000000000000000000000000000000
0000000000000000000000000000000000000000000000000000000000000000000000000010000000011100000000100000000100000000001000000001000000000010000000110000000000100000001000110000011000000010001100000100000000110111100001000000000111001000010000000000000001001100000000000000011110000000000000000000000000000000000000000000000000000000000000000000000000000000000000000000000000000000000000000000000000000000
0000000000000000000000000000000000000000000000000000000000000000000000001100000000000000000001000000000001100000010000000001110000000100000000110000000001000000001000000000010000000010000100001100000000100001100010000000000111111000100000000000000011011000000000000000011100000000000000000000000000000000000000000000000000000000000000000000000000000000000000000000000000000000000000000000000000000000
0000000000000000000000000000000000000000000000000000000000000000000000000000000000000000000000000000000011000000010000000001100000000010000000010000000000100000000100000000001000000001000000000010000000011001000001000000000011011000010000000000011110000100000000000000110001000000000000000110110000000000000000111000000000000000000000000000000000000000000000000000000000000000000000000000000000000000
0000000000000000000000000000000000100000000000000000001000000000000000000010000000000000000000100000000010000000001000000001100000000010000000110000000000100000001000000000001000000010000100000010000000110001100000100000000100111000001000000000111011000110000000000000010001000000000000000110110000000000000000111000000000000000000000000000000000000000000000000000000000000000000000000000000000000000
0000000000000000000000000000000000000000000000000000000000000000000000000000000000000000000000100000000111000000001000000011000000000010000000100000000000100000001100000000001000000001000100000010000000010001100000100000000110111000010000000000111010000100000000000000010001000000000000000110100000000000000000110000000000000000000000000000000000000000000000000000000000000000000000000000000000000000
