0000000000000000000000000000000000000000000000000000000000000000000000000000000000011110000000000000000000111100000000000000000001100000000000000000001000000000000000000010000000000000000000100000000000000000010000000000000000000100000000000000000001000000000000000000001111111100000000000000000000000000000000000000000000000000000000000000000000000000000000000000000000000000000000000000000000000000
0000000000000000000000000000000000000000000000000000000000000000000000000000000000000000000000000000011111111100000000000000000001000000000000000000010000000000000000000100000000000000000001000000000000000000110000000000000000001111111111100000000000000000000000000000000000000000000000000000000000000000000000000000000000000000000000000000000000000000000000000000000000000000000000000000000000000000
0000000000000000000000000000000000000000000000000000000000000000011111110000000000011000000100000000000000000001000000000000000000011000000000000000000010000000000000000000100000000000000000001000000000000000000010000000000000011111111000000000000000001001100000000000000010000000000000000000100000000000000000001000000000000000000010000000000000000000100000000000000000000000000000000000000000000000
0000000000000000000000000000000000000000000000000000000000000000000000000000000000000000000000000000000001111111000000000000000000010000000000000000000100000000000000000001000000000000000000010000000000000000000100000000000000000001000000000000000000011111111000000000000000000000000000000000000000000000000000000000000000000000000000000000000000000000000000000000000000000000000000000000000000000000
0000000000000000000000000000000000000000000000000000000000000000000000000000000000000000000000000000000001111111000000000000000000010000000000000000000100000000000000000001000000000000000000010000000000000000000100000000000000000001000000000000000000011111111000000000000100000000000000000001000000000000000000010000000000000000000100000000000000000001000000000000000000000000000000000000000000000000
0000000000000000000000000000000000000000000000000000000000000000000000000000000000000000000000000000011111111111000000000000000000010000000000000000000100000000000000000001000000000000000000010000000000000000000100000000000000000001000000000000000000011111111000000000000100000000000000000001000000000000000000010000000000000000000100000000000000000001000000000000000000000000000000000000000000000000
0000000000000000000000000000000000000000000000000000000000000000000000000000000000111111111000000000000000000010000000000000000000100000000000000000001000000000000000000010000000000000000000100000000000000000001000000000000000000010000000000000000000111111100000000000000000000110000000000000000000000000000000000000000000000000000000000000000000000000000000000000000000000000000000000000000000000000
0000000000000000000000000000000000000000000000000000000000000000000000000000000000111111111000000000000000000010000000000000000000100000000000000000001000000000000000000010000000000000000000100000000000000000001000000000000000000010000000000000000011111111100000000000000000000110000000000000000000000000000000000000000000000000000000000000000000000000000000000000000000000000000000000000000000000000
0000000000000000000000000000000000000000000000000000000000000000000000000000000000111111111000000000000000000010000000000000000000100000000000000000001000000000000000000010000000000000000000100000000000000000001000000000000000000010000000000000000011111111100000000000001000000110000000000010000000000000000000100000000000000000001000000000000000000000000000000000000000000000000000000000000000000000
0000000000000000000000000000000000000000000000000110000000000000000011100000000000000011101000000000000001100010000000000000110000100000000000011000001000000000001100000010000000000000000000100000000000000000001000000000000000000010000000000000000000100000000000000000001000000000000000000011111111000000000000000000000000000000000000000000000000000000000000000000000000000000000000000000000000000000
0000000000000000000000000000000000000000000000000110000000000000000011100000000000000011101000000000000001100010000000000000110000100000000000011000001000000000001100000010000000000000000000100000000000000000001000000000000000000010000000000000000000100000000000000000001000000000000000011111111111000000000000000000000000000000000000000000000000000000000000000000000000000000000000000000000000000000
0000000000000000000000000000000000000000000000000110000000000000000011100000000000000011101000000000000001100010000000000000110000100000000000011000001000000000001100000010000000000000000000100000000000000000001000000000000000000010000000000000000000100000000000000000001000000000000000011111111111000000000000100000000000000000001000000000000000000010000000000000000000000000000000000000000000000000
0000000000000000000000000000000000000000000000000000000000000000000000000000000000000000000000000000000000001110000000000000011110100000000000011100001000000000001100000010000000000000000000100000000000000011111000000000000000000011100000000000000000100000000000000000001000000000000000000010000000000000000000100000000000000000000000000000000000000000000000000000000000000000000000000000000000000000
0000000000000000000000000000000000000000000000000000000000000000000000000000000000000000000000000000000000001110000000000000011110100000000000011100001000000000001100000010000000000000000000100000000000000011111111100000000000000011100000000000000000100000000000000000001000000000000000000010000000000000000000100000000000000000000000000000000000000000000000000000000000000000000000000000000000000000
0000000000000000000000000000000000000000000000000000000000000000000000000000000000000000000000000000000000001110000000000000011110100000000000011100001000000000011100000010000000001100000000100000000010000011111111100000000000000011100000000000000000100000000000000000001000000000000000000010000000000000000000100000000000000000000000000000000000000000000000000000000000000000000000000000000000000000
0000000000000000000000000000000000000000000000000111000000000000011110010000000000011100000100000000000000000001000000000000000000010000000000000000000100000000000000000001000000000000000011111110000000000000000100000000000000000001000000000000000000010000000000000000000100000000000000000001000000000000000000010000000000000000000000000000000000000000000000000000000000000000000000000000000000000000
0000000000000000000000000000000000000000000000000011000000000000000011101000000000000011100010000000000111000000100000000000000000001000000000000000000010000000000000000111110000000000000000001111111000000000000010000000000000000000100000000000000000001000000000000000000010000000000000000000100000000000000000001000000000000000000000000000000000000000000000000000000000000000000000000000000000000000
0000000000000000000000000000000000000000000000000000000000000000000000000000000000000000000000000000000000000000000000000001111111100000000000000000001000000000000000000010000000000000000000100000000000000000001000000000000000000011111111100000000000000000000000000000000000000000000000000000000000000000000000000000000000000000000000000000000000000000000000000000000000000000000000000000000000000000
0000000000000000000000000000000000000000000000000000000000000011111100000000000000000001111000000000000000000001000000000000000000010000000000000000000100000000000000000001000000000000000000010000000000000000000100000000000000000001000000000000000000010000000000000000000111111111000000000000000000000000000000000000000000000000000000000000000000000000000000000000000000000000000000000000000000000000
0000000000000000000000000000000000000000000000000000000000000000000000000000000000111111111000000000000000000010000000000000000000100000000000000000001000000000000000000010000000000000000000100000000000000000001000000000000000000011111111000000000000000000000000000000000000000000000000000000000000000000000000000000000000000000000000000000000000000000000000000000000000000000000000000000000000000000
0000000000000000000000000000000000000000000000000000000000000000000000000000000000000001111000000000001111110010000000000000000000100000000000000000001000000000000000000010000000000000000000100000000000000000001000000000000000000010000000000000000000100001100000000000001111100000000000000000000000000000000000000000000000000000000000000000000000000000000000000000000000000000000000000000000000000000
0000000000000000000000000000000000000000000000000000000000000000000000000000000000000001111000000000001111110010000000000000000000100000000000000000001000000000000000000010000000000000000000100000000000000000001000000000000000000010000000000000000000100001100000000000001111100000000000000010000000000000000000100000000000000000001000000000000000000010000000000000000000000000000000000000000000000000
0000000000000000000000000000000000000000000000000000000000000000000000000000000000000001111000000000001111110010000000000000000000100000000000000000001000000000000000000010000000000000000000100000000000000000001000000000000000000010000000000000000000100001100000000011111111100000000000000010000000000000000000100000000000000000001000000000000000000010000000000000000000000000000000000000000000000000
0000000000000000000000000000000000000000000000000000000000000000000000000000000000011111100000000000000000001110000000000000000000100000000000000000011000000000000000000100000000000000000001111111110000000000000000000000000000000000000000000000000000000000000000000000000000000000000000000000000000000000000000000000000000000000000000000000000000000000000000000000000000000000000000000000000000000000
0000000000000000000000000000000000000000000001111111111000000000000000000010000000000000000000100000000000000000001000000000000000000010000000000000000000100000000000000000001111110000000000000000000000000000000000000000000000000000000000000000000000000000000000000000000000000000000000000000000000000000000000000000000000000000000000000000000000000000000000000000000000000000000000000000000000000000
0000000000000000000000000000000000000000000000000000000000000000000000000000000000000000000000000000000000000000000000000011111111000000000000000000001100000000000000000001000000000000000000010000000000000000000100000000000000000010000000000000000000100000000000000000001000000000000000000011111110000000000000000000000000000000000000000000000000000000000000000000000000000000000000000000000000000000
0000000000000000000000000000000000000000000000000000000000000000000000000000000000000000000000000000000000000000000000000011111111000000000000000000001100000000000000000001000000000000000000010000000000000000000100000000000000000010000000000000000000100000000000000001111000000000000000000111111110000000000000100000000000000000001000000000000000000010000000000000000000000000000000000000000000000000
0000000000000000000000000000000000000000000000000000000000000000000000000000000000000000000000000000001111100000000000000000001110000000000000000000010000000000000000000100000000000000000011000000000000000000100000000000000000001000000000000000000010000000000000000000111110000000000000000000111110000000000000000000000000000000000000000000000000000000000000000000000000000000000000000000000000000000
0000000000000000000000000000000000000000000000000000000000000011111100000000000000100000111000000000000000000110000000000000000001000000000000000000110000000000000000001000000000000000000011111000000000000000000001111110000000000000000000000000000000000000000000000000000000000000000000000000000000000000000000000000000000000000000000000000000000000000000000000000000000000000000000000000000000000000
0000000000000000000000000000000000000000000000000000000000000000000000000000000000000000000000000000000000000000000000000011111110000000000000000000110000000000000000000100000000000000000011000000000000000000100000000000000000011000000000000000000111111100000000000000000001111000000000000000000000000000000000000000000000000000000000000000000000000000000000000000000000000000000000000000000000000000
0000000000000000000000000000000000000000000000000000000000000000000000000000000000000000000000000000000000000000000000000000011110000000000000111000110000000000000000000100000000000000000001000000000000000000110000000000000000001000000000000000000010000000000000000000111000000000000000000001111110000000000000000000000000000000000000000000000000000000000000000000000000000000000000000000000000000000
0000000000000000000000000000000000000000000000000000000000000000000000000000000000000000000000000000001111110000000000000000000011110000000000000000000100000000000000000001000000000000000000100000000000000000001000000000000000000010000000000000000000100000000000000000001110000000000000000000111111100000000000000000000000000000000000000000000000000000000000000000000000000000000000000000000000000000
0000000000000000000000000000000000000000000000000000000000000000000000000000000000000000000000000000000011111111100000000000000000000100000000000000000010000000000000000000100000000000000000001000000000000000011111000000000000000000101100000000000000001000000000000000000010000000000000000000100000000000000000001000000000000000000000000000000000000000000000000000000000000000000000000000000000000000
0000000000000000000000000000000000000000000000000000000000000000000000000000000000000000000000000000000011111111100000000000000000000100000000000000000010000000000000000000100000000000000000001000000000000000011111111111000000000000101100000000000000001000000000000000000010000000000000000000100000000000000000001000000000000000000000000000000000000000000000000000000000000000000000000000000000000000
0000000000000000000000000000000000000000000000000000000000000000000000000000000000000000000000000000000000000000000000000000000000000000000000000000000000000000000000111111110000000000000000000110000000000000000001000000000000000000010000000000000000001000000000000000000010000000000000000000100000000000000000001111111100000000000000000000000000000000000000000000000000000000000000000000000000000000
0000000000000000000000000000000000000000000000000000000000000000000000000000000000000000000000000000000000000000000000000011111000000000000000000011110000000000000000000100000000000000000001000000000000000000010000000000000000000100000000000000000001000000000000000000100000000000000000001111111110000000000000000000000000000000000000000000000000000000000000000000000000000000000000000000000000000000
0000000000000000000000000000000000000000000000000000000000000000000000000000000000000000000000000000000111111100000000000000000000100000000000000000001000000000000000000010000000000000000000100000000000000000001000000000000000000010000000000000000000100000000000000000000111111100000000000000000000000000000000000000000000000000000000000000000000000000000000000000000000000000000000000000000000000000
0000000000000000000000000000000000000000000000000000000000000000000000000000000000000000000000000000000111111000000000000000000001100000000000000000001000000000000000000010000000000000000000100000000000000000001000000000000000000010000000000000000000100000000000000000001000000000000000000011111110000000000000000000000000000000000000000000000000000000000000000000000000000000000000000000000000000000
0000000000000000000000000000000000000000000000000000000000000000000000000000000000000000000000000000000111111000000000000000000001100000000000000000001000000000000000000010000000000000000000100000000000000000001000000000000000000010000000000000000000100000000000000000001000000000000000111111111110000000000000100000000000000000001000000000000000000010000000000000000000100000000000000000000000000000
0000000000000000000000000000000000000000000000000000000000000000000000000000000000000000000000000000000111110000000000000000000110000000000000000000110000000000000000000100000000000000000000100000000000000000011000000000000000000100000000000000000001000000000000000000011111111000000000000000000000000000000000000000000000000000000000000000000000000000000000000000000000000000000000000000000000000000
0000000000000000000000000000000000000000000000000000000000000000000000000000000000000000000000000000000011100000000000000000001111000000000000000000010000000000000000000100000000000000000001000000000000000000010000000000000000000111110000000000000000000111110000000000000000000000000000000000000000000000000000000000000000000000000000000000000000000000000000000000000000000000000000000000000000000000
0000000000000000000000000000000000000000000000000000000000000000000000000000000000000000000000000000000111000000000000000000011111110000000000000000000100000000000000000001000000000000000000010000000000000011111110000000000000000001001100000000000000010000000000000000000100000000000000000001000000000000000000010000000000000000000000000000000000000000000000000000000000000000000000000000000000000000
0000000000000000000000000000000000000000000000000000000000000000000000000000000001111111000000000000000000001111000000000000000000010000000000000000001100000000000000000010000000000000000000100000000000000000001000000000000000000010000000000000000000100000000000000000001000000000000000000011111111000000000000000000000000000000000000000000000000000000000000000000000000000000000000000000000000000000
0000000000000000000000000000000000000000000000000000000000000000000000000000000001111111000000000000000000011100000000000000000001100000000000000000001000000000000000000010000000000000000001100000000000000000010000000000000000000100000000000000000011000111111000000000111111000000000000000000000000000000000000000000000000000000000000000000000000000000000000000000000000000000000000000000000000000000
0000000000000000000000000000000000000000000000000000000000000000000000000000000000111111000000000000000000011100000000000000000001100000000000000000001000000000000000000010000000000000000000100000000000000000010000000000000000000100000000000000000001111111100000000000000000000000000000000000000000000000000000000000000000000000000000000000000000000000000000000000000000000000000000000000000000000000
0000000000000000000000000000000000000000000000000000000000000000000000000000000000000000000000000000000000000000000000000000000000000000000000011111000000000000000000001100000000000000000001000000000000000000010000000000000000001100000000000000000010000000000000000000100000110000000000001111111000000000000000000000000000000000000000000000000000000000000000000000000000000000000000000000000000000000
0000000000000000000000000000000000000000000000000000000000000000000000000000000000000000000000000000000000000000000000000000000000000000000000001111000000000000001100011100000000000000000001000000000000000000010000000000000000000100000000000000000011000000000000000000100000000000000000001100000000000000000001111111000000000000000000000000000000000000000000000000000000000000000000000000000000000000
0000000000000000000000000000000000000000000000000000000000000000000000000000000000000000000000000000000000000000000000000001111100000000000000000000100000000000000000001100000000000000000001000000000000000000110000000000000000001110000000000000000000111111000000000000000000000000000000000000000000000000000000000000000000000000000000000000000000000000000000000000000000000000000000000000000000000000
0000000000000000000000000000000000000000000000000000000000000000000000000000000000000000000000000000001111111110000000000000000000100000000000000000001000000000000000000010000000000000000000100000000000000000001000000000000000000010000000000000000000100000000000000000001000000000000000000011111110000000000000000000000000000000000000000000000000000000000000000000000000000000000000000000000000000000
0000000000000000000000000000000000000000000000000000000000000000000000000000000000000000000000000000001111100000000000000000001100000000000000000001100000000000000000001000000000000000000010000000000000000001100000000000000000010000000000000000000100000000000000000001000000000000000000011111111111110000000000000000000000000000000000000000000000000000000000000000000000000000000000000000000000000000
0000000000000000000000000000000000000000000000000000000000000000000000000000000000000000000000000000000000000000000000000000000000000000000000001111000000000000000000011100000000000000000001000000000000000000010000000000000000000100000000000000000001000000000000000000001111111000000000000000000000000000000000000000000000000000000000000000000000000000000000000000000000000000000000000000000000000000
0000000000000000000000000000000000000000000000000000000000000000000000000000000000000000000000000000000000000000000000000000000000000000000000000000000000000000000111100000000000000000001110000000000000000000010000000000000000000100000000000000000001000000000000000000010000000000000000000100000000000000000010011111100000000000111000000000000000000000000000000000000000000000000000000000000000000000
0000000000000000000000000000000000000000000000000000000000000000000000000000000000000000000000000000000000000000000000000000000000000000000000000000000000000000000000000000000000000000000000000000000000000000000000000000001111111000000000000000000011100000000000000000001000000000000000000010000000000000000000100000000000000000011000000000000000000111111111000000000000000000000000000000000000000000
0000000000000000000000000000000000000000000000000000000000000000000000000000000000000000000000000000000110000000000000000000011111111000000000000000000010000000000000000000100000000000000000001000000000000000000100000000000000011111111000000000000000010001100000000000000100000000000000000001000000000000000000010000000000000000000100000000000000000000000000000000000000000000000000000000000000000000
0000000000000000000000000000000000000000000000000000000000000000000000000000000000000000000000000000000000000000000000000000011111110000000000000100000100000000000000000001000000000000000000010000000000000000111110000000000000000001011110000000000000010000000000000000000100000000000000000001000000000000000000010000000000000000000100000000000000000000000000000000000000000000000000000000000000000000
0000000000000000000000000000000000000000000000000000000000000000000000000000000000111111111110000000000000000000010000000000000000000100000000000000000001000000000000000000010000000000000000000100000000000000000001000000000000001111111111100000000000000100000000000000000001000000000000000000010000000000000000000100000000000000000001000000000000000000010000000000000000000100000000000000000000000000
0000000000000000000000000000000000000000001111100000000000000000001111111110000000000000000000100000000000000000001000000000000000000010000000000000000000100000000000000000001000000000001111111111100000000000000000100000000000000000001000000000000000000010000000000000000000100000000000000000001000000000000000000010000000000000000000100000000000000000001000000000000000000010000000000000000000000000
0000000000000000000000000000000000000000000000000000000000000000001111111110000000011100000000100000000000000000001000000000000000000001000000000000000000010000000000011000000100000000000011111111111100000000000000010000000000000000000100000000000000000001000000000000000000010000000000000000000100000000000000000001000000000000000000010000000000000000000000000000000000000000000000000000000000000000
0000000000000000000001111111111110000000000000000000100000000000000000001000000000000000000010000000000000000000100000000000000000001000000000000000000010000000000000000000100000000000001111111111111100000000000010000000000000000000100000000000000000001000000000000000000010000000000000000000100000000000000000001100000000000000000011000000000000000000110000000000000000001000000000000000000010000000
0000000000000000000000000000000000000000000000000000000000000011110000111100000000000011110001100000000000000000001000000000000000000010000000000000000000100000000000000000001000000000000000000010000000000000000000100000000000000000001000000000000011111111111100000000000000100000000000000000001000000000000000000110000000000000000001000000000000000000010000000000000000000100000000000000000001000000
0000000000000000000000000000000000000000000000000000000000000000000000000000000000000000000000000000000000000000000000000001111111111000000000000000000011000000000000000000010000000000000000000100000000000000000001000000000000000000011111100000000111111100000000000000000001000000000000000000010000000000000000000100000000000000000001000000000000000000010000000000000000000100000000000000000001000000
0000000000000000000000000000000000000000000000000000000000000000111110000000000001110000111111000000000000000000001000000000000000000010000000000000000000100000000000000000001000000000000000000100000000000000000001000110000000011111111110000000000000000100000000000000000001000000000000000000010000000000000000000100000000000000000001000000000000000000010000000000000000000100000000000000000000000000
0000000000000000000000000000000000000000000000000000000000000000000000000000000000111111111100000000000000000001000000000000000000010000000000000000000100000000000000000001000000000000000000010000000000000000000100000000000000000111111111000000001110010000000000000000000100000000000000000001000000000000000000010000000000000000000100000000000000000001000000000000000000010000000000000000000100000000
0000000000000000000000000000000000000000000000000000000000000000000000000000000001111111110000000000000000000110000000000000000000110000000000000000001100000000000000000010000000000000000000100000000000000000001000000000000000000010000000000000000000100001111000000000001111100000000000000000000000000000000000000000000000000000000000000000000000000000000000000000000000000000000000000000000000000000
0000000000000000000000000000000000000000000000000000000000000000000000000000000000000000000000000000000000000000000000000000000000000000000000011110111000000000000000000010000000000000000000100000000000000000001000000000000000000000000000000000001111111111100000000000000100000000000000000001000000000000000000010000000000000000000100000000000000000001000000000000000000000000000000000000000000000000
0000000000000000000000000000000000000000000000000000000000000000000000000000000000000000000000000000000000000000000000000000000000000000000000011110111000000000000000000010000000000000000000100000000000000000001000000000000000000010000000000000001111111111100000000000000100000000000000000001000000000000000000010000000000000000000100000000000000000001000000000000000000000000000000000000000000000000
0000000000000000000000000000000000000000000000000000000000000000000000000000000000000000000000000000000000000000000000000000000000000000000000011110111000000000000000000010000000000000000000100000000000000000001000000000000000000011000000000000001111111111100000000000000100000000000000000001000000000000000000010000000000000000000100000000000000000001000000000000000000000000000000000000000000000000
0000000000000000000000000000000000000000000000000000000000000000000000000000000000000000000000000000001111111110000000000000000000111000000000000000000010000000000000000000010000000000000000000100000000000000000001000000000000000000000000000000000000000100000000000000000001000000000000000000010000000000000000000100000000000000000001000000000000000000011111110000000000000000000000000000000000000000
0000000000000000000000000000000000000000000000000000000000000000000000000000000000000000000000000000001111111110000000000000000000111000000000000000000010000000000000000000010000000000000000000100000000000000000001000000000000000000010000000000000000000100000000000000000001000000000000000000010000000000000000000100000000000000000001000000000000000000011111110000000000000000000000000000000000000000
0000000000000000000000000000000000000000000000000000000000000000000000000000000000000000000000000000000111111000000000000000000001100000000000000000001000000000000000000010000000000000000000000000000000000000001000000000000000000010000000000000000000111111110000000000000000000000000000000000000000000000000000000000000000000000000000000000000000000000000000000000000000000000000000000000000000000000
0000000000000000000000000000000000000000000000000000000000000000000000000000000000000000000000000000000111111000000000000000000001100000000000000000001000000000000000000010000000000000000000100000000000000000001000000000000000000010000000000000000000111111110000000000000000000000000000000000000000000000000000000000000000000000000000000000000000000000000000000000000000000000000000000000000000000000
0000000000000000000000000000000000000000000000000000000000000000000000000000000000000000000000000000000111000000000000000000011110000000000000000000100000000000000000000100000000000000000011000000000000000000100000000000000000001000000000000000000010011111100000000000111100000000000000000000000000000000000000000000000000000000000000000000000000000000000000000000000000000000000000000000000000000000
0000000000000000000000000000000000000000000000000000000000000000000000000000000000000000000000000000001111111110000000000000000000100000000000000000001000000000000000000100000000000000000001000000000000000000010000000000000000000100000000000000000001000000000000000000010000000000000000000111111110000000000000000000000000000000000000000000000000000000000000000000000000000000000000000000000000000000
0000000000000000000000000000000000000000000000000000000000000000000000000000000000000000000000000000000111111000000000000000000011000000000000000000010000000000000000000100000000000000000011000000000000000000100000000000000000001000000110000000000011111110000000000000000000000000000000000000000000000000000000000000000000000000000000000000000000000000000000000000000000000000000000000000000000000000
0000000000000000000000000000000000000000000000000000000000000000000000000000000000011000000000000000000011111111000000000000000000010000000000000000000100000000000000000001000000000000000000010000000000000000000100000000000000000001000000000000000000010000000000000000000111111110000000000000000000000000000000000000000000000000000000000000000000000000000000000000000000000000000000000000000000000000
0000000000000000000000000000000000000000000000000000000000000000000000000000000000000000000000000000000000000000000000000000000000000000000000111111100000000000000000000100000000000000000001000000000000000000000000000000000000000100000000000000000001000000000000000000111111111000000000000000000000000000000000000000000000000000000000000000000000000000000000000000000000000000000000000000000000000000
0000000000000000000000000000000000000000000000000000000000000000000000000000000000000111100000000000001110001110000000000000000000100000000000000000011000000000000000000100000000000000000001100000000000000000000111111110000000000000000000000000000000000000000000000000000000000000000000000000000000000000000000000000000000000000000000000000000000000000000000000000000000000000000000000000000000000000
0000000000000000000000000000000000000000000000000000000000000000000000000000000000000110000000000000000100011110000000000000000000100000000000000000001000000000000000000010000000000000000000100000000000000000011000000000000000000100000000000000000001111111111000000000000000000000000000000000000000000000000000000000000000000000000000000000000000000000000000000000000000000000000000000000000000000000
0000000000000000000000000000000000000000000000000000000000000000000000000000000000111111111000000000000000000010000000000000000001100000000000000000010000000000000000000100000000000000000001000000000000000000010000000000000000000111111110000000000000000000000000000000000000000000000000000000000000000000000000000000000000000000000000000000000000000000000000000000000000000000000000000000000000000000
0000000000000000000000000000000000000000000000000000000000000000000000000000000000000000000000000000000000000000000000000011111111110000000000000000000100000000000000000000000000000000000000100000000000000000001100000000000000000001000000000000000000010001110000000000000111110000000000000000000000000000000000000000000000000000000000000000000000000000000000000000000000000000000000000000000000000000
0000000000000000000000000000000000000000000000000000000000000000000000000000000000000000000000000000000000000000110000000001111111110100000000000000000001000000000000000000010000000000000000000100000000000000000001000000000000000000010000000000000001111111110000000000000001000000000000000000010000000000000000000100000000000000000001000000000000000000010000000000000000000100000000000000000010000000
0000000000000000000000000000000000000000000000000000000000000000000000000000000000000000000000000000001111111111000000000000000000010000000000000000000100000000000000000001000000000000000000010000000000000000000100000000000000000001000000000000000000100000000000000000001000011100000000000011111000000000000000000000000000000000000000000000000000000000000000000000000000000000000000000000000000000000
0000000000000000000000000000000000000000000000000000000000000000000000000000000001111111100000000000000000001110000000000000000000100000000000000000000100000000000000000001000000000000000000010000000000000111111111111100000000000001000000000000000000010000000000000000000100000000000000000001000000000000000000010000000000000000000100000000000000000000000000000000000000000000000000000000000000000000
0000000000000000000000000000000000000000000000000000000000000000000000000000000000000000000000000000000000000000000000000011111000000000000000000011110000000000000000000110000000000000000000110000000000000000000100000000000000000001000000000000000000010000000000000000000100000000000000000001111111000000000000000000000000000000000000000000000000000000000000000000000000000000000000000000000000000000
0000000000000000000000000000000000000000000000000000000000000000000000000000000000000000000000000000000000000000000000000011111110000000000000000000110000000000000000000110000000000000000000100000000000000000001000000000000000000010000000000000000000100000000000000000001001111000000000000001100001100000000000000000000000000000000000000000000000000000000000000000000000000000000000000000000000000000
