0000000000000000000000000000000000000000000000000000000000000000000000000000000000000000000000000000000000000000000000000000000000000000000000001111110000000000000010000111000010000000100000010000100000001000000100001000000010000001000010000000100000010000100000001000000100001000000010000001000110000000000000011011000000000000000011100000000000000000000000000000000000000000000000000000000000000000
0000000000000000000000000000000000000000000000000000000000000000000000000000000000000000000000000000000000000000000000000000111111110000100000001000000100001000000010000001000010000000100000010000100000001000000100001000000010000001100010000000100000001111100000001000000000000000000010000000000000000000000000000000000000000000000000000000000000000000000000000000000000000000000000000000000000000000
0000000000000000000000000000000000000000000000000000000000000000000000000000000000000000000000000000000000000000000000000001111111100000000000010000001100110000000100000001000100000001000000100001000000010000001000010000000110000010000100000000100000100001000000000000001100110000000000000001111000000000000000000000000000000000000000000000000000000000000000000000000000000000000000000000000000000000
0000000000000000000000000000000000000000000000000000000000000000000000000000000000000000000000000000000000000000000000000000000000010000000000111111000100000000001000010001000000000010000100010000000000100000100100000000001000001001000000000010000010010000000000000000010100000000000000000111000000000000000000000000000000000000000000000000000000000000000000000000000000000000000000000000000000000000
0000000000000000000000000000000000000000000000000000000000000000000000000000000000000000000000000000000000000000000000000000000000000000000000000000000000000000000000000000000000000000000000000010000000000000000000100000000011111100001000000000100001000010000000001000010000100000000010000110001000000000100000100010000000001000001101100000000010000001110000000000000000000000000000000000000000000000
0000000000000000000000000000000000000000000000000000000000000000011111110000000000000100000100001000000001000001000010000000010000010000100000000100000100001000000001000001000010000000010000011000100000000100000010001000000001000000110010000000010000000111100000000000000000110000000000000000000000000000000000000000000000000000000000000000000000000000000000000000000000000000000000000000000000000000
0000000000000000000000000000000000000000000000000000000000000000000000000000000000000000000000000000000000000000000000000000000000000000000000000000000000000000000000011111110001000000000100000100010000000001000001000100000000010000010001000000000100000100010000000001000001000100000000010000001001000000000100000010110000000000000000111000000000000000000000000000000000000000000000000000000000000000
0000000000000000000000000000000000000000000000000000000000000000000000010000000000001110000100000000111110100001000000001100001000010000000001000001000100000000010000010001000000000100000100010000000001000001000100000000010000001001000000000000000011100000000000000000000000000000000000000000000000000000000000000000000000000000000000000000000000000000000000000000000000000000000000000000000000000000
0000000000000000000000000000000000000000000000000000000000000000000000000000000000000000000000000000000000000000000000000000000000000000000000000000000000000000000000000000000000000000000000000000000000000000000000000000000000000000000000000000000000000000001000000000011111000010000000000100010000100000000001000100010000000000100001100100000000001000001111000000000010000001100000000000100000000000
0000000000000000000000000000000000000000000000000000000000000000000000000000000000000000000000000000000000111111000000000000001000010000100000000010000100001000000000100001000010000000001000010000100000000010000110001000000000100000100010000000001000001101100000000010000001110000000000100000000000000000001000000000000000000000000000000000000000000000000000000000000000000000000000000000000000000000
0000000000000000000000000000000000000000000000000000000000000000000000000000000000000000000000000000000000000000000000000011110000000001000000100011100000010000001000001000000100000010000010000001000000100000100000010000001000001000000100000010000001000001000000100000011000100000000100000011111000000001000000000000000000010000000000000000000100000000000000000001000000000000000000000000000000000000
0000000000000000000000000000000000000100000001111100000001000000010000111000010000000100000010000100000001000000010001000000010000000100010000000100000001000100000001000000010001000000010000000100100000000100000001101000000001000000001110000000000000000000000000000000000000000000000000000000000000000000000000000000000000000000000000000000000000000000000000000000000000000000000000000000000000000000
0000000000000000000000000000000000000000000000000000000000000000000000000000000000000000000000000000000000000000000000000000000000000000000000000000000000000000000000000000000000000000000000000001000000011111110000010000000100000100000100000001000001000001000000010000010000010000000100000110000100000001000000100011000000010000001101100000000100000001110000000000000000000000000000000000000000000000
0000000000000000000000000000000000000000000000000000000000000000000000000000000000100000000000100000001111110000000100000001000010000001000000010000100000010000000100001100000100000001000001000001000000010000011000010000000100000011111000000001000000000000000000000000000000000000000000000000000000000000000000000000000000000000000000000000000000000000000000000000000000000000000000000000000000000000
0000000000000000000000000000000000000000000000000000000100000000000000000001000000001000000000010000000011111000000100000000100010000001000000001000110000010000000010000100000100000000100001000011000000001000011000100000000010000001111000000000100000000000000000001000000000000000000010000000000000000000000000000000000000000000000000000000000000000000000000000000000000000000000000000000000000000000
0000000000000000000000000000000000000000000000000000000000000000000000000000000000000000000000000000000000000000000100000000000000000001000000000000000000010000000000000000000000000000111111000000000000001000010000000000000010000100000100000000100001000001000000001000010000010000000010000010000100000000100000100011000000001000001101100000000000000001110000000000000000000000000000000000000000000000
0000000000000000000000000000000000000000000000000000000000000000000000000000000000000000000000000000000000000000000000000000000000000010000000001000000000100000000011111000001000000000100010000010000000001000010000100000000010000100001000000000100001000010000000001000011000100000000010000011110000000000000000011000000000000000000000000000000000000000000000000000000000000000000000000000000000000000
0000000000000000000000000000000000000000000000000000000000000000000000000000000000000000000000000000000000000000000000000000000000000010000000001000000000100000000011111000001000000000100010000010000000001000010000100000000010000100001000000000100001000010000000001000011000100000000010000011110000000000000000011000000000000000000000000000000000000000000000000000000000000000000000000000000000000000
0000000000000000000000000000000000000000000000000000000000000000000000000000000000000000000000000000000000000000000000000000000000000010000000001011000000100000000011010000001000000000100100000010000000001001100000100000000010001000001000000000100011000010000000010000011001100000000100000011110000000001000000000000000000000000000000000000000000000000000000000000000000000000000000000000000000000000
0000000000000000000000000000000000000000000000000000000000000000000000000000000000000000000000000000000000000000000000000000000000000010000000001011000000100000000011010000001000000000100100000010000000001001100000100000000010001000001000000000100011000010000000010000011001100000000100000011110000000001000000000000000000000000000000000000000000000000000000000000000000000000000000000000000000000000
0000000000000000000000000000000000000000000000000000000000000000000000000000000000000000000000000000000000000000000010000000000000000000100000011111000000001000000100001100000010000001000001100000100000010000001000001000000100000010000010000001000000100001100000010000001000010000000100000001101100000001000000001100000000000000000000000000000000000000000000000000000000000000000000000000000000000000
0000000000000000000000000000000000000000000000000000000000000000000000000000000000000000000000000000000000000000000000000000000000000000010000000000000000000100000001111110000001000000010000011000010000000100000010000010000001000000100000100000010000001000001000000100000011000100000001000000010001000000010000000111110000000100000000000000000000000000000000000000000000000000000000000000000000000000
0000000000000000000000000000000000000000000000000000000000000000000000000000000000000000000000000000000000000000000000000000000000000010000000001000000000100000000011111000001000000000100011000010000000001000010000100000000010000100001000000000100001100110000000001000001111000000000010000000000000000000000000000000000000000000000000000000000000000000000000000000000000000000000000000000000000000000
0000000000000000000000000000000000000000000000000000000000000000111000000000000000001001110000010000000010000100000100000000100000100001000000001000001000010000000010000010000100000000100000100001000000001000000100110000000010000001111000000000000000000000000000000000000000000000000000000000000000000000000000000000000000000000000000000000000000000000000000000000000000000000000000000000000000000000
0000000000000000000000000000000000000000000000000000000000000000000000000000000000000000000000000000000000000000000010000000010000000000100000000111111000000000000001000011000000000000010000010000100000000100000110001000000001000000100010000000010000001000100000000100000011011000000001000000011100000000000000000000000000000000000000000000000000000000000000000000000000000000000000000000000000000000
0000000000000000000000000000000000000000000000000000000000000000000000000000000000000000000000000000000000000000000000000000000000000000000000011000000000010000000111000000000100000001011000000001000000010011000000010000000100011000000100000000000010000011000000010000011001100000000100000011110000000000000000000000000000000000000000000000000000000000000000000000000000000000000000000000000000000000
0000000000000000000000000000000000000000000000000000000010000011100000000000100000001100000000001000001111111100000010000010011001100000100000100011101000001000000100001110000010000001000001100001100000010000001100010000000100000011000100000001000000011111000000010000000000000000000000000000000000000000000000000000000000000000000000000000000000000000000000000000000000000000000000000000000000000000
0000000000000000000000000000000000000000000000000000000000000000000000000000000000000000000000000000000000000000010000000000000000000100000000000000000001000000000011110000010000000001000110000100000000010000100001000000000100001100010000000001000001000100000000010000011001000000000000000011100000000000000000000000000000000000000000000000000000000000000000000000000000000000000000000000000000000000
0000000000000000000000000000000000000000000000000000001000000000000000000010000000000000000000100000000111110000001000000001000100000010000000010001000000100000000100011000001000000001000010000010000000010000100000100000000100001000011000000001000001000100000000010000011111000000000100000000000000000000000000000000000000000000000000000000000000000000000000000000000000000000000000000000000000000000
0000000000000000000000000000000000000000000000000000000000000000000000000000000000000000000000000010011111111110000000100100000000100000001001000000001000000010010000000010000000100100000000010000001001000000000100000010010000000001000000100100000000010000001001000000000110000010010000000000100001000100000000001100110001000000000001111000000000000000000000000000000000000000000000000000000000000000
0000000000000000000000000000000000000000000000000000000000000000000000000000000000000000000000000000000000000000000100000001111111000001000000001000010000010000000010000100000100000000100001000001000000001000011000010000000010000010000100000000100000100001000000001000001100110000000000000001111000000000000000000000000000000000000000000000000000000000000000000000000000000000000000000000000000000000
0000000000000000000000000000000000000000000000000000000000000000000000000000000000000000000000000000000000000000000000000000000000000100000000001111110001000000000010001100010000000000100010000100000000001000100001000000000010001100010000000000100001000100000000000000001110000000000000000000000000000000000000000000000000000000000000000000000000000000000000000000000000000000000000000000000000000000
0000000000000000000000000000000000000000000000000000000000000000000000000000000000000000000000000000000000000000000000000000000000000000000000000000000000000000000011111100001000000000100001000010000000001000010000100000000010000100001000000000100001100010000000001000001001000000000010000001110000000000000000000000000000000000000000000000000000000000000000000000000000000000000000000000000000000000
0000000000000000000000000000000000000000000000000000000000000000000000000010000000001111000000110000000011011100000100000000100001000001000000001000010000010000000010000100000100000000100001000001000000001000011000010000000010000010001100000000100000111110000000001000000000000000000010000000000000000000000000000000000000000000000000000000000000000000000000000000000000000000000000000000000000000000
0000000000000000000000000000000000000000000000000000000010000000000000000000100000000000000000000100000000000000000001000000111100000000010000001000110000000100000010000010000011000000100000100000100000001000001000001000000010000010000010000000100000100001100000001000001100110000000010000001111000000000100000000000000000001000000000000000000000000000000000000000000000000000000000000000000000000000
0000000000000000000000000000000000000000000000000000000000000000000000000000000000000000000000000000000000000000000000000000111000000000000000001010000000000000000010000000001000000001000000000010000000010000100000100000000100001000001000000001000001000110000000010000001111000000000100000000100000000000000000000000000000000000000000000000000000000000000000000000000000000000000000000000000000000000
0000000000000000000000000000000000000000000000000000000000000000000000000000000000000000000001000000000000000000010000000000000000000100000000011100000001000000000100111110010000000001000000100100000000010000001001000000000100000010010000000001000000100100000000000000001111000000000000000001100000000000000000000000000000000000000000000000000000000000000000000000000000000000000000000000000000000000
0000000000000000000000000000000000000000000000000000000000000000000000000000000000000000000000000000000111100000100000000001000100001000000000010000100010000000000100001000100000000001000010001000000000010000100010000000000100000100100000000001000001111000000000010000000000000000000000000000000000000000000000000000000000000000000000000000000000000000000000000000000000000000000000000000000000000000
0000000000000000000000000000000000000000000000000000000000000000000000000000000000000000000000100000000000000000001000000000111111000010000000001000010000100000000010000100001000000000100001100010000000001000001001100000000010000010010000000000100000111100000000001000000000000000000000000000000000000000000000000000000000000000000000000000000000000000000000000000000000000000000000000000000000000000
0000000000000000000000000000000000000000000000000000000000000000000000000000000000000000000000000000000000000000000000000000000000000000000000001111110000000000000010000110010000000000100000100100000000001000001001000000000010000010010000000000100000110100000000001000000111000000000010000000100000000000100000000000000000000000000000000000000000000000000000000000000000000000000000000000000000000000
0000000000000000000000000000000000000000000000000000000000000000000000000000000000000000000000000000000000000000010000000001111100000100000000010000110001000000000100000100010000000001000001000100000000010000010001000000000100000100010000000001000000101100000000010000001110000000000100000000000000000000000000000000000000000000000000000000000000000000000000000000000000000000000000000000000000000000
0000000000000000000000000000000000000000000000000000000000000000000000000000000000000000000000000000000000000000000000000000000000000000000000000000000000000000000000000000010000000000000000000110000000000111100000100000000001001100001000000000010001000010000000000100010001000000000001000100010000000000010001100100000000000100001001000000000001000001100000000000010000000000000000000000000000000000
0000000000000000000000000000000000100000000011111000001000000000100001000010000000001000010000100000000010000100001000000000100001000110000000001000010001000000000010000100110000000000100000111000000000001000000000000000000000000000000000000000000000000000000000000000000000000000000000000000000000000000000000000000000000000000000000000000000000000000000000000000000000000000000000000000000000000000
0000000000000000000000000000000000000000000000000000000000000000000000000000000000000000000000001000000000011111000010000000000100010000100000000001000100001000000000010001000010000000000100011001100000000001000010010000000000010000111100000000000100000110000000000001000000000000000000000000000000000000000000000000000000000000000000000000000000000000000000000000000000000000000000000000000000000000
0000000000000000000000000000000000000000000000000000000000000000000000000000000000000000000000001000000000011111000010000000000100010000100000000001000100001000000000010001000010000000000100011001100000000001000010010000000000010000111100000000000100000110000000000001000000000000000000000000000000000000000000000000000000000000000000000000000000000000000000000000000000000000000000000000000000000000
0000000000000000000000000000000000000000000000000000000000000000000000000000000000000000000000000000000000000000000000000000000000000000000000000000000000000000000000000000000000000000000000001000000000000000000010000000010111110000100000000100000100001000000001000001000010000000010000001000100000000100000010010000000001000000111100000000010000000000000000000100000000000000000001000000000000000000
0000000000000000000000000000000000000000000000000000000000000000000000000001000000000000000000010000000011111110000100000000100000100001000000001000001000010000000010000010000100000000100000100001000000001000001000010000000010000001000100000000100000010001000000001000000100110000000010000001101000000000000000001110000000000000000011000000000000000000000000000000000000000000000000000000000000000000
0000000000000000000000000000000000000000000000000000000000000010000000000000000001011111111100000100010000000001000001000100000000010000010001000000000100000100010000000001000001000100000000010000010001000000000100000100010000000001000010000100000000010000100001000000000010001000010000000000110100000100000000000011000001000000000000000000010000000000000000000000000000000000000000000000000000000000
0000000000000000000000000000000000000000000000000000000000001111111110000000001010000000011100000010100000000001000000101000000000010000001010000000000100000010010000000001000000100100000000010000001001000000000100000010010000000001000000100100000000010000001001000000000100000100010000000001100011000100000000001101100001000000000001110000010000000000000000000000000000000000000000000000000000000000
0000000000000000000000000000000000000000000000000000000000000000000000000000000000000000000000000000000000000000000000000000000000000000100000100000000000000100001111111100000001000010000001000000010000100000010000000100001000000010000010000010000000100000100000100000001000001000001000000010000010000010000000110000100000100000000110010000000000000000111100000000000000000000000000000000000000000000
0000000000000000000000000000000000000000000000000000000000000000000000000000000000000000000000000000000000000000000000000000000000000000000000000000000000000000000000000000000000000000000000000001000001101111100000010000010000000110000100000100000000100001000001000000001100010000010000000001000100000100000000010001000001000000000110010000011000000000100100000010000000001111000000000000000000000000
0000000000000000000000000000000000000000000000000000000000000000000000000000000000000000000000000000000000000000000000000000000000000001100000001111111000001000000010000010000010000000100000010000100000001000000100001000000010000001000010000000100000010000100000001000000100001000000010000001100110000000100000001111000000001000000000000000000010000000000000000000000000000000000000000000000000000000
0000000000000000000000000000000000000000000000000000000000000000000000000000000000000000000000000000000000000000000000000000000000000000000000000000000000000000000000000000000001100000000000000000001000000000000100000010000000000001111000100000000000010010001000000000000100100010000000000001001000100000000000010010011000000000000100110100000000000001000111000000000000001000000000000000000010000000
0000000000000000000000000000000000000000000000000000000000000000000000000000000000000000000000000000000000000000000000000000000000000001000000111111111000010000001000000010000100000001000000100001000000010000001000010000000100000010000100000001000000100001000000010000001000010000000100000011001000000000000000011110000000000000000000000000000000000000000000000000000000000000000000000000000000000000
0000000000000000000000000000000000000000000000000000000110000000000000000000100000011111000000001000000100011110000010000001000000100000100000010000001000001000000100000010000010000001000000100000100000010000000100001000000100000001000100000000100000011011000000001000000011100000000000000000000000000000000000000000000000000000000000000000000000000000000000000000000000000000000000000000000000000000
0000000000000000000000000000000000000000000100000000000010000001111111000000100000010000011000001000000100000010000010000001000000100000100000010000001000001000000100000010000010000001000000100000100000010000001000001000000100000010000010000001000000110000100000010000000100001000000100000000111100000000000000000000000000000000000000000000000000000000000000000000000000000000000000000000000000000000
0000000000000000000000000000000000000000000000000000000000000000000000000000010000000000000000000100000000000000000001000000000000000000010000000000000000000100011111111000000001000100000010000000010001000000100000000100010000001000000001000100000100000000010001000001000001111100010000011111110000000100000000000000000000000000000000000000000000000000000000000000000000000000000000000000000000000000
0000000000000000000000000011111111000000000001100000011000000000100000000001000000010000000000011000001100000000000010000010000000000000110001100000000000000100010000000000000001000100000000000000010001000000000000000100010000000000000001001100000000000000010011000000000000000100011000000000000011000011000000000000100000011100000000110000000001111111110000000000000000000000000000000000000000000000
0000000000000000000000000000000000000000000000000000000000000000000000000000000000000000000000000000000000000000000010000011111111110000100000100000001000001000001000000010000010000010000000100000100000100000001000001000001100000010000110000011000000100001000000110000001110110000001100000000110000000000000000000000000000000000000000000000000000000000000000000000000000000000000000000000000000000000
0000000000000000000000000000000000000000000000000000000000000000000000000000000000000000000000100000001111000000001000000010001111100010000000100000011000010000001000000100000100000010000001000001000000010000011000110000000100000010001000000001000000110110000000000000000111000000000000000000000000000000000000000000000000000000000000000000000000000000000000000000000000000000000000000000000000000000
0000000000000000000000000000000000000000000000000000000000000000000000000000000000000000000000000000000000000110000000000001111111100000010000010000001000000100000100000010000001000001000000100000100000010000001000001000000100000010000010000001000000100000100000010000001000011000000100000011000100000001000000001110000000000000000000000000000000000000000000000000000000000000000000000000000000000000
0000000000000000000000000000000000000000000000000000000000000000000000000000000000000000000000000000000000000000000000000000011111100000100000011000001000001000000100000010000010000001000000100000100000010000001000001000000100000010000010000001000000100000100000010000001100010000000100000001001100000001000000011110000000010000000000000000000100000000000000000000000000000000000000000000000000000000
0000000000000000000000000000000000000000000000000000000000000000000000000000000000000000000000000000000000000000000001000000111111110000010000001000000100000100000010000001000011000000100000010000100000001000000100001000000010000001000010000000100000010001100000001000000010110000000010000000111000000000000000000000000000000000000000000000000000000000000000000000000000000000000000000000000000000000
0000000000000000000000000000000000000000000000000000000000000000000000000000000000000000000000000000000000000000000000000000000000000010000000000111110000100000000110001000001000000001000010000010000000010000100000100000000100001100001000000001000001000010000000010000010001100000000100000110010000000001000000111100000000000000000110000000000000000000000000000000000000000000000000000000000000000000
0000000000000000000000000000000000000000000000000000000000000000000000000000000000000000000000000000000111100000000100000001001110000001000000010000100000010000000100000100000100000001000001000001000000010000010000010000000100000110000100000001000000110001000000010000000110110000000100000000111000000000000000000000000000000000000000000000000000000000000000000000000000000000000000000000000000000000
0000000000000000000000000000000000000000000000000000000000000000000000000000000000000000000000000000000000000000000000000000000000000000000000111111110000010000001000001100000100000010000010000001000000100000010000010000001000000100000100000010000001000001000000100000011000110000001000000011011000000010000000011100000000000000000000000000000000000000000000000000000000000000000000000000000000000000
0000000000000000000000000000000000000000000000000000000000000000000000000000000000000000000000000000001111111100000100000010000001000001000000100000010000010000001000000100000100000010000001000001000000100000011000010000001000000010001100000010000000100110000000100000001111000000000000000000000000000000000000000000000000000000000000000000000000000000000000000000000000000000000000000000000000000000
0000000000000000000000000000000000000000000000000000000000000000000000000000000000000000000000000000000000000000000001000011111111100000010000100000000000000100000100000001000001000001000000010000010000010000000100000100000100000001000010000001000000010000100000010000000110011000000000000000111100000000000000000000000000000000000000000000000000000000000000000000000000000000000000000000000000000000
0000000000000000000000000000000000000000000000000000000000000000000000000000000000000000000000000000000000000000000000000001111111000000100000010000011000001000000100000010000010000001000000100000100000010000001100011000000100000001000100000001000000011001000000010000000010010000000100000000011000000000000000000000000000000000000000000000000000000000000000000000000000000000000000000000000000000000
0000000000000000000000000000000000000000000000000000000000000000000000000000000000000000000000000000000000000000010000000000000000000100000000001111100001000000000010001000010000000000100010000100000000001000100001000000000010001100010000000000100001101100000000001000001110000000000010000000000000000000100000000000000000001000000000000000000000000000000000000000000000000000000000000000000000000000
0000000000000000000000000000000000000000000000000000000000000000000000000000000000000000000000000000000000000000000000000001111111000010000000010000010000100000000100000100000100000001000001000001000000010000010000010000000100000010000100000001000000100001000000010000001000110000000100000001001000000001000000011110000000000000000000000000000000000000000000000000000000000000000000000000000000000000
0000000000000000000000000000000000000000000000000000000000000000000000000000000000000000000000001000001111111110000010000010000000100000100000100000001000001000001000000010000100000010000000100001000000100000001000010000001000000010000100000010000000100011000000100000001100100000000000000001011000000000000000001100000000000000000000000000000000000000000000000000000000000000000000000000000000000000
