0000000000000000000000000000000000000000000000000000000000000000000000000000000000000000000000000000000000000000000000000001100000000000000000011100000000000000000101100000011100000001000100001100100000010001100100001000000110001110000010000000110011000000100000000011011000001000000000000011101110000000000000001110000000000000000000000000000000000000000000000000000000000000000000000000000000000000
0000000000000000000000000000000000000000000000000000000000000000000000000000000000000000000000000000001111000000000000000010001100000011110001100001100011100110010000001101100000100010000001100000001000100000011000000010001000001111000000100011001110011000011000011110000011111100000000000000000000000000000000000000000000000000000000000000000000000000000000000000000000000000000000000000000000000000
0000000000000000000000000000000000000000000000000000000000000000000000000000000000000000000000000000001111000000000000000010001100000011110001100001100011100110011000001101100000100010000001100000001000100000011000000010001000001111000000100011001110011000011000111110000011111100000000000000000000000000000000000000000000000000000000000000000000000000000000000000000000000000000000000000000000000000
0000000000000000000000000000000000000000000000000000000000000000000000000000000000000000000000000000001111000000000000000010001100001111110001100001100111100110011000001111100000100010000001100000001000100000011000000010001000001111000000100011001110011000011000111110000011111100000000000000000000000000000000000000000000000000000000000000000000000000000000000000000000000000000000000000000000000000
0000000000000000000000000000000000000000000000000000000000000000000000000000000000000000000011110000011110000001100110000100110000110000100001100110001000001000001000110100000010000010000110000000100000100111110000001000001111000110000010000000000000110000100000000000000111111000000000000000000000000000000000000000000000000000000000000000000000000000000000000000000000000000000000000000000000000000
0000000000000000000000000000000000000000000000000000000000000000000000000000000000000000000000000000000001100000111110000001111100011000010000111000111100000110001000000110000000100011000011110000001000011111100110000100000001100000111011000000000000000011100000000000000000000000000000000000000000000000000000000000000000000000000000000000000000000000000000000000000000000000000000000000000000000000
0000000000000000000000000000000000000000000000000000000000000000000000000000000000000000000000000000000000000000000111000010000000000111011001111000000011000011010011000001100000010100011100010000000101000001101000000001010000001110000000010100000011100000000101100001101100000011001000110001100000100001111000000111111000000000000000000000000000000000000000000000000000000000000000000000000000000000
0000000000000000000000000000000000000000000000000000000000000000000000000000000000000000000000000000001111000000001111110100111000000110000101000001100010000001010000001101000000010110000001100000000100100000011000000001001100001101000000010001000110011000000100001111000011000001000000000000001100010000000000000000111100000000000000000000000000000000000000000000000000000000000000000000000000000000
0000000000000000000000000000000000000000000000000000000000000000000000000000000000000000000000000000001110000000001111100010110000000100001000100010000110000011001000110011000000010010000011100000000100100000111000000001001100011011000000110001111000011000001000000000000011000110000000000000001111000000000000000000000000000000000000000000000000000000000000000000000000000000000000000000000000000000
0000000000000000000000000000000000000000000000000000000000000000000000000000000000000000000000000000001111000000000000000010011100000111111100100011100011000011001000001101000000010010000001110000000100100000011100000001001000001101100000010011000110001110000100011111000000111110000000000000000000000000000000000000000000000000000000000000000000000000000000000000000000000000000000000000000000000000
0000000000000000000000000000000000000000000000000000000000000011100000000111011000111111100011000011001000001101100000010010000001110000000100100000011100000001001000001101100000110010001110001110001000011110000000111110000000000000000000000000000000000000000000000000000000000000000000000000000000000000000000000000000000000000000000000000000000000000000000000000000000000000000000000000000000000000
0000000000000000000000000000000000000000000000000000000000000011100000000111111000111111100011000011001000001101100000010010000001110000000100100000011100000001001000001101100000110010001110001110001000011110000000111110000000000000000000000000000000000000000000000000000000000000000000000000000000000000000000000000000000000000000000000000000000000000000000000000000000000000000000000000000000000000
0000000000000000000000000000000000000000000000000000000000000000000000000000000000000000000000000000001111000000000000000110011100000111110001000001000011000110010000010001100000100100000010110000001001000000111000000010010000000110000000100110000011110000001000110011100110000100000111100000111111000000000000000000000000000000000000000000000000000000000000000000000000000000000000000000000000000000
0000000000000000000000000000000000000000000000000000000000000000000000000000000000000000000000000000001111000000000000000110011100000111110001000001000011000110010000010001100000100100000010110000001001000000111000000010010000001110000000100110000011110000001000110011100110000110000111100000111111000000000000000000000000000000000000000000000000000000000000000000000000000000000000000000000000000000
0000000000000000000000000000000000000000000000000000000000000000000000000000000000000000000000000000000000000000001111000001110000000110011000010111100010000010000100001101000000100001000001110000001000010000011100000010000100000101000000100001000011011000001000001111100011000110000000000000001111000000000000000000000000000000000000000000000000000000000000000000000000000000000000000000000000000000
0000000000000000000000000000000000000000000000000000000000000000000000000000000000011100000000000000001101110000000000000110000110000111100001000000100011000110010000001101100000100100000001110000001101000000011000000001010000001101000000010110000110011000000100100111000001100010001111000000001111100000000000000000000000000000000000000000000000000000000000000000000000000000000000000000000000000000
0000000000000000000000000000000000000000000000000000000000000000000000000000000000000000000000000000000000000000000111000111111100000111011001000001000011000001010000011000100000010100000011010000000001100000011100000000001000000111000000000011000011011000000100011001100011000001000011100000011000010000000000000011111000000000000000000000000000000000000000000000000000000000000000000000000000000000
0000000000000000000000000000000000000000000000000000000000000000000000000000000000000000000000000000001111100000011100000010000110001101100000100000100110001100010000001111000001000110000001100000010000100000011100000100001000001101100001000011000110000111110000011111000000000000000000000000000000000000000000000000000000000000000000000000000000000000000000000000000000000000000000000000000000000000
0000000000000000000000000000000000000000000000000000000000000000000000000000000000000000000000000000000000000000000000000000000000000000000000000000000000000000000000000000000000000000000000000000000000000000000000000000000000000000001110000000011110001100010000001100011110000110000010000011100000100000100000101100001000001000011001100010000011001100001100100000011110000001111000000000000000000000
0000000000000000000000000000000000000000011111000001111110000110011000110000010001000011011000000010010000001100000000100100000111000000001001100011001100000010001101100001100001100001110000001111110000000000000000000000000000000000000000000000000000000000000000000000000000000000000000000000000000000000000000000000000000000000000000000000000000000000000000000000000000000000000000000000000000000000
0000000000000000000000000000000000000000000000000000000000000000000000000000000000000000000001111000000000000000100011000000000000011000010000000000000100000100000000000001000001000000111111110000010000110000001110000100001000000010111000100010000000100110001000100000010000110110001000000100000111000011000011000000000000011001100000000000000011110000000000000000000000000000000000000000000000000000
0000000000000000000000000000000000000000000000000000000000000000000000000000000000000000000011100000001111000011001100000110011001100001000001000011110000010000010000011000000100000100001101100001000001000110001111110000011111000000000000000000000000000000000000000000000000000000000000000000000000000000000000000000000000000000000000000000000000000000000000000000000000000000000000000000000000000000
0000000000000000000000000000000000000000000000000000000000000000000000000000000000000000000000000000000000000000000000000000000000000111100000111110000011001100001000110000100000100010000011010000001000100000011100000010001000000010000000100010000001011000001000100001100011111110000101110000000000000000110000000000000000000000000000000000000000000000000000000000000000000000000000000000000000000000
0000000000000000000000000000000000000000000000000000000000000000000000000000000000000000000000000000001111100000111110000110001100011000100001000001100100001100010000001011000001000100000011100000010001000000011000001100011000001111000010000010000110011001100000110011000011110000000111100000000000000000000000000000000000000000000000000000000000000000000000000000000000000000000000000000000000000000
0000000000000000000000000000000000000000000000000000000000000000000000000000000000000000000001111000000111111000110011000011000010011000010000100000110100000100001000000111000001000010000000100000010000100000011100000100001000001100110010000011000010000111100000010001000000000000000011100000000000000000000000000000000000000000000000000000000000000000000000000000000000000000000000000000000000000000
0000000000000000000000000000000000000000000011000000000000000111111000011110000001000001001100110000010000011100000110000100000011000000110001000000110000000100010000010110000001000100001100100000010001000010000110000100010001000000110111000011100000000011000000000000000000000000000000000000000000000000000000000000000000000000000000000000000000000000000000000000000000000000000000000000000000000000
0000000000000000000000000000000000000000000000000000000000000000000000000000000000000000000011100000000000000001101110000011111000110000100001100010011000001100010000011100000001000100000011000000110001000000111000001000010000011001111110000010001100000000000000110110000000000000000111000000000000000000000000000000000000000000000000000000000000000000000000000000000000000000000000000000000000000000
0000000000000000000000000000000000000000000000000000000000000000001000000111000000111111000010011000001000011001000010000010000011110000110000100000011000000100001000000111000001000010000011011000010000100000100011101100001000011000001100000010001100000000000000111110000000000000000000000000000000000000000000000000000000000000000000000000000000000000000000000000000000000000000000000000000000000000
0000000000000000000000000000000000000000000000000000000000000000000000000000000000000000000001110000000000000000110110000000000000011000110000011111000100000100001100011111000001000010000001100000001000110000011100000010000100001101100000100001100110001100001000001111000001111110000000000000000000000000000000000000000000000000000000000000000000000000000000000000000000000000000000000000000000000000
0000000000000000000000000000000000000000000000010000000000000000111010000000000000010000010000000000001000000110111100000010000000110001100000100000011100000100001000001101000001000010000010001000010000100001000001100100000100110000001111000001111000000000000000000000000000000000000000000000000000000000000000000000000000000000000000000000000000000000000000000000000000000000000000000000000000000000
0000000000000000000000000000000000000000000000000000000000000000001000001111000000111111000110001000011000011011000001000100000010100000010001000000111000000010010000001110000000100110000110110000001000100011000110000110000111100000011111000000000000000000000000000000000000000000000000000000000000000000000000000000000000000000000000000000000000000000000000000000000000000000000000000000000000000000
0000000000000000000000000000000000000000000000000000000000000000000000000000000000111110000000000000010000111001111100000100000011110000110001000000011000000100010000001110000001100010000010110000001000100001000110000010001000110000011111100001011000000001100000011100000000000000000000000000000000000000000000000000000000000000000000000000000000000000000000000000000000000000000000000000000000000000
0000000000000000000000000000000000000000000000000000000000000000000000000011000000011000000011101000011001110001100011000100000110110000010001000000111000001100010000000111000010000110000010011111100000100011000000000000000111100000000000000000000000000000000000000000000000000000000000000000000000000000000000000000000000000000000000000000000000000000000000000000000000000000000000000000000000000000
0000000000000000000000000000000000000000000000000000000000000000001100000111100000011111100011001100011100001101100011000100000001110000100001000000011100001000011000000101111100000010000010000000000000110001100000000000000111100000000000000000000000000000000000000000000000000000000000000000000000000000000000000000000000000000000000000000000000000000000000000000000000000000000000000000000000000000
0000000000000000000000000000000000000000000000000000000000000000000000000000000000000000000000000000000000000000000000000000000000001111100000000000000110001100000111111110000001000011000011000000010001100000111000000100011000110011100001000011011000001111100000011000000000000000000000000000000000000000000000000000000000000000000000000000000000000000000000000000000000000000000000000000000000000000
0000000000000000000000000000000000000000000000000000000000000000000000000000000000000000000000000000000000000000000000000001111000001111100000110011000110001100001000110011000001000010000111100000010000100000110000000100001100111110000011000001011000011101100000001000000001110000000000000000000000000000000000000000000000000000000000000000000000000000000000000000000000000000000000000000000000000000
0000000000000000000000000000000000000000000000000000000000000000000000000011100000000000000011101100001111110001100001000110000110110000010001000000111000000100010000001111000001000110000110011101100000100011000000110000001101100000000000000001110000000000000000000000000000000000000000000000000000000000000000000000000000000000000000000000000000000000000000000000000000000000000000000000000000000000
0000000000000000000000000000000000000000000000000000000000000000000000000000000000000000000000000000000000000000011100000001111100001100100000110001000110001000001000001111000110000010000001100001000000100000011100110000001000001100111000000011000110000000000000011111000000000000000000000000000000000000000000000000000000000000000000000000000000000000000000000000000000000000000000000000000000000000
0000000000000000000000000000000000000000000000000000000000000000000000000011100000000000000001101000001111000000100010000110001110010000100001000001101100001000010000001110000010000110000011111001100000100001100011110000001100110000000000000001111000000000000000000000000000000000000000000000000000000000000000000000000000000000000000000000000000000000000000000000000000000000000000000000000000000000
0000000000000000000000000000000000000000000000000000111000000000000000111001100000000000011000001000011111110100000011000100000111000000010001000000110000000100010000010110000011000100001100111001100001100110000001110000000110000000000000000000000000000000000000000000000000000000000000000000000000000000000000000000000000000000000000000000000000000000000000000000000000000000000000000000000000000000
0000000000000000000000000000000000000000000000000000111000000000000000111001100000000000011000001000011111110100000011000100000111000000010001000000110000000100010000010110000011000100001100111001100001100110000001110000000110000000000000000000000000000000000000000000000000000000000000000000000000000000000000000000000000000000000000000000000000000000000000000000000000000000000000000000000000000000
0000000000000000000000000000000000000000000000000000111000000000000000111001100000000000011000001000011111110100000011000100000111000000010001000000110000000100010000010110000011000100001100111001100001100110000001110000000110000000000000000000000000000000000000000000000000000000000000000000000000000000000000000000000000000000000000000000000000000000000000000000000000000000000000000000000000000000
0000000000000000000000000000000000000000000000000000000000000000000000000000000000000000000000011000000000000000011111000001111110001100010000110000110110000100001100000011000011000001000000101111100000001100110000000000000001110000000000000000000000000000000000000000000000000000000000000000000000000000000000000000000000000000000000000000000000000000000000000000000000000000000000000000000000000000
0000000000000000000000000000000000000000000000000000000000000000000000000000000000001110000000000000000110110000001111000011000111001100010000100000011110001000001100000001111110000001000001100000000000011101110000000000000001110000000000000000000000000000000000000000000000000000000000000000000000000000000000000000000000000000000000000000000000000000000000000000000000000000000000000000000000000000
0000000000000000000000000000000000000000000000000000000000000000000000000000000000000000000000000000000000000000011110000011111100001100010000100001100110000100001000001111000001000010000001100000010000100000111110000100001100011000111111000001111100000000000000000000000000000000000000000000000000000000000000000000000000000000000000000000000000000000000000000000000000000000000000000000000000000000
0000000000000000000000000000000000000000000000000000000000000000000000000000000000000111110000011110000110000110001100110001000001100110000100010000001101000001000100000001100000010001100000011100000100001000001101100011000011000110001111100000011011000000000000000011000000000000000000000000000000000000000000000000000000000000000000000000000000000000000000000000000000000000000000000000000000000000
0000000000000000000000000000000000000000000000000000000000000000000000000000000000001100000001111000001111100001100011000110001100110000010001000001111000000100011000001110000001000010000110111000110000111011000011111000000011000000000000000000000000000000000000000000000000000000000000000000000000000000000000000000000000000000000000000000000000000000000000000000000000000000000000000000000000000000
0000000000011110000000000000011100110000111110101100000110001000011110000000100010000001110000001000100000110111000110001100011000011111000001111100000000000000000000000000000000000000000000000000000000000000000000000000000000000000000000000000000000000000000000000000000000000000000000000000000000000000000000000000000000000000000000000000000000000000000000000000000000000000000000000000000000000000
0000000000000000000000000000000000000000000000000000000000000000000000000000000000000000000000000000000000000000000000000000000000000000000000000000000000000000000000000000000000000000000000000000000000000000000000000000000000001111000000000111111100010000000001000110000010000000010011110000100000000101100110001000000001100000110010000000000000000011100000000000000000000000000000000000000000000000
0000000000000000000000000000000000000000000000000000000000000000000000000000000000000000000000000000000000000000000000000000000000000000000000000000000000000000000000000000000000000000000000000000000000000000000000000100000000000011000011100000000001101001101100000000110001010001000000001000001100010000000010000011101100000000111011001110000000000011100000000000000000000000000000000000000000000000
0000000000000000000000000000000000000000000000000000000011000000000000000011011000000011111001100011000000100011110000010000001000011100001100000011000101111110000000011110000000000000000011000000000000000000000000000000000000000000000000000000000000000000000000000000000000000000000000000000000000000000000000000000000000000000000000000000000000000000000000000000000000000000000000000000000000000000
0000000000000000000000000000000000000000000000000000000000000000000000000000000000000000000000000000000000000000000000000000000000000000000000000000000000000000000000000000000000000000000000110000000001111100110110000000010001101000100000000100001110001000000001100011111110000000001101100000000000000001110000000000000000000000000000000000000000000000000000000000000000000000000000000000000000000000
0000000000000000000000000000000000000000000001100000000000000011111000000000000001100001000111110000010000011011000010000100000011100000110001100000011000000100001000001111000001000011000110011100110000011011000001111000000001000000000000000000000000000000000000000000000000000000000000000000000000000000000000000000000000000000000000000000000000000000000000000000000000000000000000000000000000000000
0000000000000000000000000000000000000000000000000000000000000000000000000000000000000000000000000000000000000000000000000000000000000000000000011110000111100000000100110111001000000001000111000001000000010001100000010000000111110110000100000000000000111110000000000000000000000000000000000000000000000000000000000000000000000000000000000000000000000000000000000000000000000000000000000000000000000000
0000000000000000000000000000000000000000000000000000000000000000000000000000000000000000000011000000000000000001111000000000111000110010000000001001111000100000000010001110001000000000100010111100000000001001100000000000000011110000000000000000000000000000000000000000000000000000000000000000000000000000000000000000000000000000000000000000000000000000000000000000000000000000000000000000000000000000
0000000000000000000000000000000000000000000000000000000000000000000000000000000000000000000000000000000000111101111100000000111001110000100000001000011110001000000010011000100010000000111100001100100000001000000001001000000000000000010110000000000000000011000000000000000000000000000000000000000000000000000000000000000000000000000000000000000000000000000000000000000000000000000000000000000000000000
0000000000000000000000000000000000000000000000000000000000000000000000000000000000000000000000000000000000000000001100000000011100000101000000000101100011010000000001001101100100000000010001110011000000000100011111100000000001111000000000000000000000000000000000000000000000000000000000000000000000000000000000000000000000000000000000000000000000000000000000000000000000000000000000000000000000000000
0000000000000000000000000000000000000000000000000000000000000000000000000000000000000000000000000000000000000000000000000000000000000110000000011111000111110000000100011011000110000001000011100000100000010000111000001000000110011011100100000000111100001111000000000000000000000000000000000000000000000000000000000000000000000000000000000000000000000000000000000000000000000000000000000000000000000000
0000000000000000000000000000000000000000000000000000000000000000000000000000000000000000000000000000000000000000000000000000000000000000000000001110000000111000000100111000110011000001000011011000010000010000011100000100000110000111000011000000111110011101100000000000000001110000000000000000000000000000000000000000000000000000000000000000000000000000000000000000000000000000000000000000000000000000
0000000000000000000000000000000000000000000000000000000000000000000000000000000000000000000000000000000000000000000000000000111000000000000000011011100111110000000100001011000110000001000001100000100000011000111100011000000011111001111100000000000000000000000000000000000000000000000000000000000000000000000000000000000000000000000000000000000000000000000000000000000000000000000000000000000000000000
0000000000000000000000000000000000000000000000000000000000000000000000000000000000000000000000000000000000000000000000000000110000000000000000011011100000000000000100001001111100000001000001100001100000011000111000001000000011111011000110000000000000001111000000000000000000000000000000000000000000000000000000000000000000000000000000000000000000000000000000000000000000000000000000000000000000000000
0000000000000000000000000000000000000000000000000000000000000000000000000000000000000000000000000000000000000000000000000001111000000000000000010001111111100000000100000110001100000001000011000001000000010000111000010000000110010011000100000000111100011101000000000000000001100000000000000000000000000000000000000000000000000000000000000000000000000000000000000000000000000000000000000000000000000000
0000000000000000000000000000000000000000000000000000000000000000000000000000000000000000000000000000000011000000000000000001011100001100000000010001111101100000000100001100000100000001000111100001000000011011001110110000000011100000111000000000000000000000000000000000000000000000000000000000000000000000000000000000000000000000000000000000000000000000000000000000000000000000000000000000000000000000
0000000000000000000000000000000000000000000000000000000000000000000000000000000000000000000000000000000000000000000000000000000000000000000000011111001111100000000100010110001100000001000011000001000000011001111000110000000011110011111000000000000000000000000000000000000000000000000000000000000000000000000000000000000000000000000000000000000000000000000000000000000000000000000000000000000000000000
0000000000000000000000000000000000000000000000000000000000000000000000000000000000000000000000000000000000000000011100000000111110001101100000001000110110001100000010000111000001000000100000100000010000001000011100000100000011001101110010000000011110000111100000000000000000000000000000000000000000000000000000000000000000000000000000000000000000000000000000000000000000000000000000000000000000000000
0000000000000000000000000000000000000000000000000000000000000000000000000000000000000000000000000000000000000000000000000000000000000000000000011110000111100000001100011110001000000010000011000010000000010001111011000000000111110011100000000000000000000000000000000000000000000000000000000000000000000000000000000000000000000000000000000000000000000000000000000000000000000000000000000000000000000000
0000000000000000000000000000000000000000000000000000000000000011100000000000000000100110000011000000010000110011101000000100000111100001000001000000110000010000011000001100000100000010000101100011000000110011000111100000000111000000000000000000000000000000000000000000000000000000000000000000000000000000000000000000000000000000000000000000000000000000000000000000000000000000000000000000000000000000
0000000000000000000000000000000000000000000000000000000000000000000000000000000000000000000000000000000000000000000000000000000000000000000000000000000000000000000000000000000000000001111000000000000000010011100111100000000100001111001000000001000001100000000000011000111100100000000011111001111000000000000000000000000000000000000000000000000000000000000000000000000000000000000000000000000000000000
0000000000000000000000000000000000000000000000000000000000000000000000000000000000000000000000000000000000000000000000000000000000000000000000000000000000000000000111100000000000000010001100111110000000100001111000010000001000001100000100000010000011100001000000110001101100010000000111110001100100000000000000001111000000000000000000000000000000000000000000000000000000000000000000000000000000000000
0000000000000000000000000000000000000000000000000000000000000000000000000000000000011110001111110000000100111010000011000010000011100000011000100000011100000010001000001001100000100010000110001000000000100001000011000010001101100000011001100001110000000001110000000000000000000000000000000000000000000000000000000000000000000000000000000000000000000000000000000000000000000000000000000000000000000000
0000000000000000000000000000000000000000000000000000000000000000000000000000000000000000000000000000000000000000000000000000000000000000000000111100000000000000010001100000000000000100000100011111100001000001011000001000010000001100000010000110000011100000100000110011101110011000000111100000111100000000000000000000000000000000000000000000000000000000000000000000000000000000000000000000000000000000
0000000000000000000000000000000000000000000000000000000000000000000000000000000000000000000000000000000000000000000000000000000000000000000000000000000000000000000000000000000000000011110000000000000000100011001111000000001000011110011000000001000011000010000000011011011000100000000011100011111000000000000000000000000000000000000000000000000000000000000000000000000000000000000000000000000000000000
0000000000000000000000000000000000000000000000000000000000000000000000000000000000000000000000000000000000000000000000000000000000000000000000000000000000111000001111110000111001000010000110011000010000110000111100000100000110000111000001000000111111011111100000000000000000000000000000000000000000000000000000000000000000000000000000000000000000000000000000000000000000000000000000000000000000000000
0000000000000000000000000000000000000000000000000000000000000000000000000000000000000000000000000000000000000000000000000000000000000000000000111100000001111100001000111001100001100010000011110000001000100000011000000010001100000111000001100001000011011000010000011001100001111000000011100000000000000000000000000000000000000000000000000000000000000000000000000000000000000000000000000000000000000000
0000000000000000000000000000000000000000000000000000000000000000000000000000000000000000000000000000001111000001110000000110011101110110000001000000110000110000010000011100000100000010001101100001000000111110001111110000000000000000000000000000000000000000000000000000000000000000000000000000000000000000000000000000000000000000000000000000000000000000000000000000000000000000000000000000000000000000
0000000000000000000000000000000000000000000000000000000000000000000000000000000000000000000000000000000000000000000000000000000000000000000000000000000000000000000000000000000000000000000000000000000001111000000000000000010011100111011000000100001111000001000001000001100000010000010000111100000100000010011001100011000000111100001111100000000000000000000000000000000000000000000000000000000000000000
0000000000000000000000000000000000000000000000000000000000000000000000011000000000111111011011100000011000011000001100000100000110000001000001000011100000010000010000100100000100000110010001110001000000111000000111110000000000000000000000000000000000000000000000000000000000000000000000000000000000000000000000000000000000000000000000000000000000000000000000000000000000000000000000000000000000000000
0000000000000000000000000000000000000000000000000000000000000000000000000000000000000000000000000000000110000000000000000011000000000111110000111100000110000110011001110011000000110100000111100000000101000000110000000011010000001110000000100010000110110000011000110011100111111100001111110000000000000001110000000000000000000000000000000000000000000000000000000000000000000000000000000000000000000000
0000000000000000000000000000000000000000000000000000000000000000000000000000000000000000000000000000000000000000000000000000111100111110000000011001111000110000000100011000000100000001000111000001000000010011011000010000000111100011000100000000000000001110000000000000000000000000000000000000000000000000000000000000000000000000000000000000000000000000000000000000000000000000000000000000000000000000
0000000000000000000000000000000000000000000000000000000000000000000000000000000000000000000000000000000000000000000000000000000000000000000000000000000000000000000000000000111100000001111110110000100000110000111000001100001000000100000001000010000010100000110000110001000110011000000111110000111100000000000000000000000000000000000000000000000000000000000000000000000000000000000000000000000000000000
0000000000000000000000000000000000000000000000000000000000000000000000000000000000111111000000000000001011010000011100000010000010011101100000100000111100001000001100000110000001000001100111100000110000001111001100001000000000000001100010000000000000001111100000000000000000000000000000000000000000000000000000000000000000000000000000000000000000000000000000000000000000000000000000000000000000000000
0000000000000000000000000000000000000000000000000000000000000000000000000000000000000000000000000000000000000000000000000000000000000000000000011111000000000000000100011000111110000001000011110000100000011000011000001000000011011111000010000000011100011111100000000000000000000000000000000000000000000000000000000000000000000000000000000000000000000000000000000000000000000000000000000000000000000000
0000000000000000000000000000000000000000000000000000000000000000000000000000000000000000000000000000000000000000000000000000111000000011100000001001100001100100000100001100110001000001000001110000010000010000011100000100000111001101110001000000011100000111110000000000000000000000000000000000000000000000000000000000000000000000000000000000000000000000000000000000000000000000000000000000000000000000
0000000000000000000000000000000000000000000000000000000000000000000000000000000000000000000000000000000000000000000000000000000000000000000000110000000000000000001111000000000000000010001000011111000000100011001100011000001000011100000010000011000110000000100000011111110000001000000000000111000100000000000000011011000000000000000001000000000000000000000000000000000000000000000000000000000000000000
0000000000000000000000000000000000000000000000000000000000000000000000000000000000000000000000000000000111110000001110000001000100001110100000100000100110001100000100001111000001000001000001100000010000011101101100000100000001100001110010000000000000000111100000000000000000000000000000000000000000000000000000000000000000000000000000000000000000000000000000000000000000000000000000000000000000000000
0000000000000000000000000000000000000000000000000000000000000000000000000000000000000000000000000000000000000000000000000000000000000000000000000000000000000000000011100000000000000001101100011111000000010001001100011000000100011110000010000001000011000000100000010001110000001000000111100111001100000000000000001110000000000000000000000000000000000000000000000000000000000000000000000000000000000000
0000000000000000000000000000000000000000000000000000000000000000000000000000000000000000000000000000000111100001111000000011001000110010000000100011011000010000001000011100000100000011000011000001000000010001111000100000000011110001111000000000011000000000000000000000000000000000000000000000000000000000000000000000000000000000000000000000000000000000000000000000000000000000000000000000000000000000
0000000000000000000000000000000000000000000000000000000000000000000000000000000000000000000000000000000000000000000000000000100000000000000000011111100000000000000100001100011110000001000001011100110000010000011100000100000100000110000001000001100111110000010000001111000110001100000000000000011110000000000000000000000000000000000000000000000000000000000000000000000000000000000000000000000000000000
0000000000000000000000000000000000000000000000000000000000000000000000000000000000000000000000000000000000000000000000000001111000111111000000010001011000010000000100011100000100000001000011000001000000011001110000010000000011110100000100000000000000110011000000000000000111100000000000000000000000000000000000000000000000000000000000000000000000000000000000000000000000000000000000000000000000000000
0000000000000000000000000000000000000000000000000000000000000000000000000000000000000000000000000000000000000000000000000111000000000000000001001100000111100000010001110111001100000100000111000001100001000011110000001000011111100111000110000000000000011111000000000000000000000000000000000000000000000000000000000000000000000000000000000000000000000000000000000000000000000000000000000000000000000000
0000000000000000000000000000000000000000000000000000000000000000000000000000000000000000000000000000000000000000000000000000000000000000000000011110000000000000001100110000000000000010000100111111100000100000111000001100001000001100000001000010000111100000010000111111001100001100000000000001100010000000000000000111100000000000000000000000000000000000000000000000000000000000000000000000000000000000
0000000000000000000000000000000000000000000000000000000000000000000000000000000000000000000000000000000000000000000000000000000000000000000000011110000000000000001100110000000000000010000110111111100000100000111000001100001000001100000001000010000111100000010000111111001100001100000000000001100010000000000000000111100000000000000000000000000000000000000000000000000000000000000000000000000000000000
0000000000000000000000000000000000000000000000000000000000000000000000000000000000111110001111100000010000011110001100000100000011000001100001000001110000001100010000110100000001000100011001100000001001101100001000000010000110000011000000100000000000011000011000000000000011111100000000000000000000000000000000000000000000000000000000000000000000000000000000000000000000000000000000000000000000000000
0000000000000000000000000000000000000000000000000000000000000000000000000000000000000000000000000000000000000000000000000000000000000000000000000000000000000000000000000000000000000000000000000000000000000000000000000000000000000000000000000111100000011111000001000111011000001000010000011100000011000100000110000000010001000011100000000100011001101100000001000011110001100000010000000000001110001100
0000000000000000000000000000000000000000000000000000000000000000000000000000000000000000000000000000000000000000000000000000000000000000000000000000000000000000000000000000000000000000000000000000000000000000000000000000000000000000000000000111100000011111000001000111011000001000010000011100000011000100000110000000010001000011100000000100011001101100000001000011110001100000010000000000001111111100
0000000000000000000000000000000000000000000000000000000000000000000000000000000000000000000000000000000000000000000000000000001000000000000000011111011100000000001100011101110000000010000100000100000000100010100001000000000101101100010000000000110001100100000000000000001111000000000000000000000000000000000000000000000000000000000000000000000000000000000000000000000000000000000000000000000000000000
0000000000000000000000000000000000000000000000000000000000000000000000000000000000000000000000000000000000000000000000000000000000000000000000000000000000000000000000000000000000000001110000000000000000110111000000000000001000010011101100000010000111100001100000100000110000001000001100011100000010000001101101000000100000001110011000001000000000000011100110000000000000001111000000000000000000000000
0000000000000000000000000000000000000000000000000000000000000000000000000000000000000000000000000000000000000000000000000000000000000000000000000000000000000000000000000000000000000001110000000000000000110111000000000000001000010011111100000010000111100001100000100000110000001000001100011100000010000001101101000000100000001110011000001000000000000011100110000000000000001111000000000000000000000000
0000000000000000000000000000000000000000000000000000000000000000000000000000000000000000000000000000000000000000000000000111111100111111000001000001111000011000010000001100000010000100000011000000010001000001010000000100011000110110000000100011111000110000001000000000000110000010000000000000110001000000000000000011110000000000000000000000000000000000000000000000000000000000000000000000000000000000
0000000000000000000000000000000000000000000000000000000000000000000000000000000000000000000000000000000000000000000000000011110000000000000001100111000000000000010000010001111100000100000100110001100001000001110000001000010000011000000010000100001111000000100001100110011000001000001111000011100100000000000000000110000000000000000000000000000000000000000000000000000000000000000000000000000000000000
0000000000000000000000000000000000000000000000000000000000000000000000000000000000000000000000000000001111110000000000000110000110000111100001000000100110000100010000001111000000100100000001100000001001000000111000000010010000011010000000100110001100010000001000111100000110000010000000000000011000100000000000000011111000000000000000000000000000000000000000000000000000000000000000000000000000000000
0000000000000000000000000000000000000000000000000000000000000000000000000000000000000000000000000000000000000000000000000000000000000000000000001111100000000000000110001100011100000001000001011101100000100000011100001100000100000110000001000001110011100000010000000111101100001100000000000001111110000000000000000000000000000000000000000000000000000000000000000000000000000000000000000000000000000000
0000000000000000000000000000000000000000000000000000000000000000000000000000000000000000000000000000000000000000000000000000000000000000000000001111100000000000000110001100011100000011000001011101100000100000011100001100001100000110000001000001110011100000010000000111101100001100000000000001111110000000000000000000000000000000000000000000000000000000000000000000000000000000000000000000000000000000
0000000000000000000000000000000000000000000000000000000000000000000000000000000000000000000000000000000000000000000000000000000000000000000000001111100000000000000110001100011100000011000001011101100000100000011100001100001100000110000001000001110011100000010000000111101100001100000000000001111110000000000000000000000000000000000000000000000000000000000000000000000000000000000000000000000000000000
0000000000000000000000000000000000000000000000000000000000000000000000000000000000000000000000000000000000000000000000000000000000001110000000000000001110111000011111110110000010001100000111000000100010000001100000001000100000011000000010001000001111000000100011000110011000001000001110000011000110000000000000011111000000000000000000000000000000000000000000000000000000000000000000000000000000000000
0000000000000000000000000000000000000000000000000000000000000000000000000000000000000000000000000000000000000000000000000000000000001110000000000000001110111000011111110110000110001100000111000000100010000001100000001000100000011000000010001000001111000000100011000110011000001000001110000011000110000000000000011111000000000000000000000000000000000000000000000000000000000000000000000000000000000000
0000000000000000000000000000000000000000000000000000000000000011110000000000000000100011100111111000011000001111000010000100000011100000110001100001101100000100001100110001100001000001111000001100110000000000000001111000000000000000000000000000000000000000000000000000000000000000000000000000000000000000000000000000000000000000000000000000000000000000000000000000000000000000000000000000000000000000
0000000000000000000000000000000000000000000000000000000000000000000000000000000000000000000000000000000000000000000000001111100000001111100010000110000110001100100000110110000001101000000111000000001010000000100000000010100000011000000000101000001101000000001001000110011000000110001110000011000001000000000000001110110000000000000000110000000000000000000000000000000000000000000000000000000000000000
0000000000000000000000000000000000000000000000000000000000000000000000000000000000000000000000000000000000000000000000001111100000001111100010000110000110001100100000110110000001101000000111000000001010000000100000000010100000011000000000101000001101000000001001000110011000000110001110000011000001000000000000001110110000000000000000110000000000000000000000000000000000000000000000000000000000000000
0000000000000000000000000000000000000000000000000000000000000000000000000000000000000000000000000000000000000000000000000000000000000000000000111111000001111100111000011000110001101000000011010000001010000000011100000001100000000110000000011100000011110000000101100001100110000001001111100000110000100000000000000111111000000000000000000000000000000000000000000000000000000000000000000000000000000000
0000000000000000000000000000000000000000000000000000000000000000000000000000000000000000000000000000001111111000000000000010000011000001110000100000011000110010001000000010011000110010000000111100000100100000001100000001001000000111100000110011000111001100001000011111000001100110000000000000000111000000000000000000000000000000000000000000000000000000000000000000000000000000000000000000000000000000
0000000000000000000000000000000000000000000000000000000000000000000000000000000000000000000000000000000000000000000000000111110000000000000011000011000011111110100000011001100000111000000010110000000110000000011000000001110000001110000000010100000110110000000101100011000110000011001111100000111111100000000000000000000000000000000000000000000000000000000000000000000000000000000000000000000000000000
0000000000000000000000000000000000000000000000000000000000000001111110000000000000110000111000000000001000000010011110000010000000111100010000100000001100000100001000000111000000100011000111011000011000011111000011100100000000000000001110000000000000000000000000000000000000000000000000000000000000000000000000000000000000000000000000000000000000000000000000000000000000000000000000000000000000000000
0000000000000000000000000000000000000000000000000000000000000001111110000000000000110000111000000000001000000010011110000010000000111100010000100000001100000100001000000111000001100011000111011000011000011111000011100100000000000000001110000000000000000000000000000000000000000000000000000000000000000000000000000000000000000000000000000000000000000000000000000000000000000000000000000000000000000000
0000000000000000000000000000000000000000000000000000000000000001111110000000000000110000111000000000001000000010011110000010000000111100010000100000001100000110001000000111000001100011000111011000011000011111000011100100000000000000001110000000000000000000000000000000000000000000000000000000000000000000000000000000000000000000000000000000000000000000000000000000000000000000000000000000000000000000
0000000000000000000000000000000000000000000111100000000000000010001110001111100001100000101100001000010000001010000011000100000011000000010001100000110000000100001000011110000001000011001100110000010000011100000110001100000000000000111110000000000000000000000000000000000000000000000000000000000000000000000000000000000000000000000000000000000000000000000000000000000000000000000000000000000000000000
0000000000000000000000000000000000000000000000000000000000000000000000000000000000000000000000000000000000000000000000000000000000000000000000000000000000000000000000000000000000000111000000000000000011011100000011100000100001110011101100001000000101100001000011000000110000010000011000111100000100000011111001100001000000000000001100110000000000000001111000000000000000000000000000000000000000000000
0000000000000000000000000000000000000000000000000000000000000000000000000000000000000000000000000000000000000000000000000000000000000000000000000000000000000000000000000000000000000111000000000000000011011100000011100000100001110011101100001000000101100001000011000001110000010000011000111100000100000011111001100001000000000000001100110000000000000001111000000000000000000000000000000000000000000000
0000000000000000000000000000000000000000000000000000000000000000000000000000000000000000000000000000000000000000000000000001111100000000000000010001110001110000000100000101110111000001000000110000010000010000011000000010000110001011000000100000111110010000001000000000000110000110000000000000110001000000000000000011110000000000000000000000000000000000000000000000000000000000000000000000000000000000
0000000000000000000000000000000000000000000000000000000000000000000000000000000000000000000000000000001111000000000000000110001100000000000001000001101111100000010000001110001000000100000111000001000001000011010000010000011001100110000100000011100000110001000000000000000111110000000000000000000000000000000000000000000000000000000000000000000000000000000000000000000000000000000000000000000000000000
0000000000000000000000000000000000000000000000000000000000000000000000000000000000000000000000000000001111000000000000000110001100000000000001000001101111100000010000001110001100000100000111000001000001000011010000010000011001100110000100000011100000110001000000000000000111110000000000000000000000000000000000000000000000000000000000000000000000000000000000000000000000000000000000000000000000000000
0000000000000000000000000000000000000000000000000000000000000000000000000000000000000000000000000000000000000000011000000111110000011111000001000111011000011000110000011100000010001000000110000000100011000001100000001000010001100100000010000111110000110001100000000000000111110000000000000000000000000000000000000000000000000000000000000000000000000000000000000000000000000000000000000000000000000000
0000000000000000000000000000000000000000000000000000000000000000000000000000000000111100000000000000011000110000000000000100000110000000000011000000100001111100100000001000110001001000000010010000011010000000111000000010100000000110000000101100000011100000001001000001101000000100011000110001100011000011111000001111100000000000000000000000000000000000000000000000000000000000000000000000000000000000
0000000000000000000000000000000000000000000000000000000000000000100000000000000000110111100001111100001000001101100001000010000000110000010000100000011000000100001000001110000001000001101110110000010000001110000110000100000000000000111111000000000000000000000000000000000000000000000000000000000000000000000000000000000000000000000000000000000000000000000000000000000000000000000000000000000000000000
0000000000000000000000000000000000000000000000000000000000000000000000000000000000111111000000000000011000011000111111000100000011011000010001000000011100000100010000000110000001000110000001100000010000110000111100000100000111111001111110000000000000000000000000000000000000000000000000000000000000000000000000000000000000000000000000000000000000000000000000000000000000000000000000000000000000000000
0000000000000000000000000000000000000000000000000000000000000000000000000000000000000000000000000000000000000000000000000000000000000000000000111000000000000000011011100000001111000100001100000110001001000001000011000010000000011001100000100100000011110000001001000000011000000010011000001111000000100011001110011000011000011110000011111100000000000000000000000000000000000000000000000000000000000000
0000000000000000000000000000000000000000000000000000000000000000000000000000000000000000000000000000000000000000000000000000000000000000000000111000000000000000011011100000001111000100001100000110001001000001000011000010010000011001100000100100000011110000001001000000011000000010011000001111000000100011001110011000011000011110000011111100000000000000000000000000000000000000000000000000000000000000
0000000000000000000000000000000000000000000000000000000000000000000000000000000000000000000000000000000000000000000000001110000000000111100010011000000111001100100011000011000001101000001001100000001010000011110000000010100000111000000000101100111011000000011001111000011110001100000000000000111110000000000000000000000000000000000000000000000000000000000000000000000000000000000000000000000000000000
0000000000000000000000000000000000000000000000000000000000000000000000000000000000000000000000000000000000000000000000001110000000000111100010011000000111001100100011100011000001101000001001100000001010000011110000000010100000111000000000101100111011000000011001111000011110001100000000000000111110000000000000000000000000000000000000000000000000000000000000000000000000000000000000000000000000000000
0000000000000000000000000000000000000000000000000000000000000000000000000000000000000000000000000000000000000000000000001111000000000111100010011000000111001100100011100011000001101000001001100000001010000011110000000010100000111000000000101100111011000000011001111000011110001100000000000000111110000000000000000000000000000000000000000000000000000000000000000000000000000000000000000000000000000000
0000000000000000000000000000000000000000000000000000000000000000000000000000000000000000000000000000000000000000000000000000111000000000000000111011100000000000001000001100011110000010000001011000110000100000011100000100001000000110000001000010000001100000001000100000111000000010001110011011000001100000111000011100110000000000000001111000000000000000000000000000000000000000000000000000000000000000
0000000000000000000000000000000000000000000000000000000000000000000000000000000000000000000000000000000000000000000000000000111000000000000000111011100000000000001000001100011110000010000001011000110000100000011100000100001000000110000001000010000001100000001000100000111000000010001110011011000001100000111000011100110000000000000001111000000000000000000000000000000000000000000000000000000000000000
0000000000000000000000000000000000000000000000000000000000000000000000000000000000000000000000000000000000000000000000000000000000000000000011110000000000000000100111000000111111001000011000011000010010000011001100000100110000010100000001000110000110000000010000110111110000000100000011000111000011000000000000011111100000000000000000000000000000000000000000000000000000000000000000000000000000000000
0000000000000000000000000000000000000000000000000000000000000000000000000000000000000000000111100000111111000111000111001000011111000000011010000001110000000010100000110010000000101000011000110000000110001100000110000001111110000000110000110000000000000011111000000000000000000000000000000000000000000000000000000000000000000000000000000000000000000000000000000000000000000000000000000000000000000000
0000000000000000000000000000000000000000000000000000000000000000000000000000000000000000000000000000000000000000000000000111110000000000000001000111000001111000010000011001100010000100000011110000110001000000011000000100011000001110000001000010001100110000010000011110000110000100000000000000111110000000000000000000000000000000000000000000000000000000000000000000000000000000000000000000000000000000
0000000000000000000000000000000000000000000000000000000000000000000000000000000000000000000000000000001111100000000000000100001100011111100001000000101100001100010000000110000001000100000111000000001001000011011000000010011001100011000001100011110000011000010000000000000011111100000000000000000000000000000000000000000000000000000000000000000000000000000000000000000000000000000000000000000000000000
0000000000000000000000000000000000000000000000000000000000000000000000000000000000000000000000000000001111100000000000000100001100011111100001000000111100001100010000000110000001000100000111000000001001000011011000000010011001100011000001100011110000011000010000000000000011111100000000000000000000000000000000000000000000000000000000000000000000000000000000000000000000000000000000000000000000000000
0000000000000000000000000000000000000000000000000000000000000000000000000000000000000000000000000000000000000000000000000111111000000000000001000011000000000000010000010001111110000100000110110000110001000000111000000100011000001100000000100011011101000000011000011000011000000100000000000011100011000000000000001111100000000000000000000000000000000000000000000000000000000000000000000000000000000000
0000000000000000000000000000000000000000000000000000000000000000000000000000000000011111000000000000001100011100111110000010000001110000110000100000011000000100001000001110000001000010000110011000110000110011000011111000000111100000000000000000000000000000000000000000000000000000000000000000000000000000000000000000000000000000000000000000000000000000000000000000000000000000000000000000000000000000
0000000000000000000000000000000000000000000000000000000000000000000000000000000000000000000000111111110111000000111000011000011000011000000010000011001100000000100000011110000000001000000011000000000011000001110000000000010001111110000000000111110000110000000100000000000011100011000000000000001111000000000000000000000000000000000000000000000000000000000000000000000000000000000000000000000000000000
0000000000000000000000000000000000000000000000000000000000000000000000000000000000000000000000111111110111000000111000011000011000011000000110000011001100000001100000011110000000011000000011000000000111000001110000000001010001111110000000010111110000110000000100000000000011100011000000000000001111000000000000000000000000000000000000000000000000000000000000000000000000000000000000000000000000000000
0000000000000000000000000000000000000000000000000000000000000000000000000000000000000000000000000000000000000000000000000001110000000000000000100111100000111100001000001000011001100010000010001100001000100000010110000010001000000111000000100011000001100000011000010000011000000100000011111101100110000000000000001111000000000000000000000000000000000000000000000000000000000000000000000000000000000000
0000000000000000000000000000000000000000000000000000000000000000000000000000000000000000000000000000000000000000000000000000000000000000000000111110000000000000001000110000111100000010000010011001100000100000101100001000001000001110000010000011000011000001100000001111111000010000000000000011111000000000000000000000000000000000000000000000000000000000000000000000000000000000000000000000000000000000
0000000000000000000000000000000000000000000000000000000000000000000000000000000000000000000000000000001110000000000000000010111000001100000001000011001111100000010000010110001000000110000111000010000000100000100000100000001100011100001000000001111001100110000000000000001111000000000000000000000000000000000000000000000000000000000000000000000000000000000000000000000000000000000000000000000000000000
0000000000000000000000000000000000000000000000000000000000000000000000001111100000000000000110001100000111111011000001000011000011100000010000100000110000000100001000011110000011000010001100110000100000111100000111111000000000000000000000000000000000000000000000000000000000000000000000000000000000000000000000000000000000000000000000000000000000000000000000000000000000000000000000000000000000000000
0000000000000000000000000000000000000000000000000000000000000000000000000000000000110000000000000000011011110000000000000100000100000000000001000000100000011110010000001000001100110100000011000110000101000000010011000001011000000111000000010010000001100000000100011111101100000011000000000001100001100000000000001111110000000000000000000000000000000000000000000000000000000000000000000000000000000000
0000000000001111100000110000001100000100011111000110000001000100011001000000010011000001100000000100100000011000000001001000000010000000010010000000110000000100100000001100000001001000000101100000100011000001001000001000010000110001000110000011111000011111000000000000000000000000000000000000000000000000000000000000000000000000000000000000000000000000000000000000000000000000000000000000000000000000
0000000000000000000000000000000000000000000000000000000000000011100000000000011001101110000000011101110000010000001100001000000100001100000010000001100110000000100000001001000000010000000011100000001110000000011000000110100000001111000111001100001100001111000001111110000000000000000000000000000000000000000000000000000000000000000000000000000000000000000000000000000000000000000000000000000000000000
0000000000000000000000000000000000000000000000000000000000000011100000000000011001101110000000011101110000010000001100011000000100001100000110000001100110000001100000001001000000010000000011100000001110000000011000000110100000001111000111001100001100001111000001111110000000000000000000000000000000000000000000000000000000000000000000000000000000000000000000000000000000000000000000000000000000000000
0000000000000000000000000000000000000000000000000000000000001111100000000000000010001100000000111100000001000000011001100000011000001100001000000010000110000010000000110011000000100000000111100000011010000001110000000100110000110110000011000011110000111011100000000000000001100000000000000000000000000000000000000000000000000000000000000000000000000000000000000000000000000000000000000000000000000000
0000000000000000000000000000000000000000000000000000000000001111100000000000000010001100000000111100100001000000011001101000011000001100001010000010000110000010100000110011000000101000000111100000011010000001110000000100110000110110000011000011110000111011100000000000000001100000000000000000000000000000000000000000000000000000000000000000000000000000000000000000000000000000000000000000000000000000
0000000000000000000000000000000000000000000000000000000000000000000000000000000000000000000000000000000011110000000000000001100110001111110000010000010110000100000100000111000001000001000001100000010000011000011100001100000011011101110110000000011100000111000000000000000000000000000000000000000000000000000000000000000000000000000000000000000000000000000000000000000000000000000000000000000000000000
