0000000000000000000000000000000000000000000000000000000000000000000000000000000000000000000000000000000001111000000000000000100011000000100000011000011000001000000100000010000010000011000000100000100000100000001000001000000100000010000010000000111111111111100000000011110000000000000000000000000000000000000000000000000000000000000000000000000000000000000000000000000000000000000000000000000000000000
0000000000000000000000000000000000000000000000000000000100000001111000000001000000100010000000011000011000010000000010000100000100000000100001000001000000001000010000010000000010000100001100000001100001001110011111110000011111100000000000000000000000000000000000000000000000000000000000000000000000000000000000000000000000000000000000000000000000000000000000000000000000000000000000000000000000000000
0000000000000000000000000000000000000000000000000000000100000001111000000001000000100010000000011000011000010000000010000100000100000000100001000001000000001000010000010000000010000100001100000001100001001111111111110000011111100000000000000000000000000000000000000000000000000000000000000000000000000000000000000000000000000000000000000000000000000000000000000000000000000000000000000000000000000000
0000000000000000000000000000000000000000000000000000000100000001111000000001000000100010000000011000011000010000000010000100000100000000100001000001000000001000010000010000000010000100001100000001100001001111111111110000011111111100000000000000000000000000000000000000000000000000000000000000000000000000000000000000000000000000000000000000000000000000000000000000000000000000000000000000000000000000
0000000000000000000000000000000000000000000000000000000100000001111000000001100000100010000000011000011000010000000010000100000100000000100001000001000000001000010000010000000010000100001100000001100001001111111111110000011111111100000000000000000000000000000000000000000000000000000000000000000000000000000000000000000000000000000000000000000000000000000000000000000000000000000000000000000000000000
0000000000000000000000000000000000000000000000000000000100000001111000000001100000100011000000011000011000011000000010000100000110000000100001000001000000001000010000010000000010000100001100000001100001001111111111110000011111111100000000000000000000000000000000000000000000000000000000000000000000000000000000000000000000000000000000000000000000000000000000000000000000000000000000000000000000000000
0000000000000000000000000000000000000000000000000000000000000000000000000010000000001111000000100000000110011000001000000001000010000010000000100000100000100000001000001000000100000010000010000001000000011101100000010000000111111111001000000000000000011110000000000000000000000000000000000000000000000000000000000000000000000000000000000000000000000000000000000000000000000000000000000000000000000000
0000000000000000000000000000000000000000000000000000000000000000000000000000000000000000000000000000000000000000000000000000000000000000000000000000000000010000000000000000000100000000111110000001000000011000100000010000000100001000000100000001000010000001000000010000100000010000000100010000001100000001001111111100000000011110000000000000000000000000000000000000000000000000000000000000000000000000
0000000000000000000000000000000000010000000000000000000100000001111000000000100000110011000000001000001000010000000010000110001000000000100001000110000000001000001011000000111110000011111111110000000000000000000000000000000000000000000000000000000000000000000000000000000000000000000000000000000000000000000000000000000000000000000000000000000000000000000000000000000000000000000000000000000000000000
0000000000000000000000000000000000000000000000000000000000000000000000000000000000000000000000010000000000000000000100000000000000000001000000001111000000011000000110011000000010000001000010000000100000110000100000001000001000001000000010000010000010000000100000110001100000111000000111111111111000000000000000000000000000000000000000000000000000000000000000000000000000000000000000000000000000000000
0000000000000000000000000000000000010000000000000000000100000000000000000001100000000000000000001000000000000000000010000000011111000000100000001100010000001000000110000100000010000001000001000000100000010000010000001000000100001000000010000001000110000001100000011111111111100000000011000000000000000000000000000000000000000000000000000000000000000000000000000000000000000000000000000000000000000000
0000000000000000000000000000000000000000000000000000001000000000000000000010000000000000000000100000000111100000001000000011000100000011000000100001000000010000001000010000000100000011001100000001000000011111111111110000000111000000000000000000000000000000000000000000000000000000000000000000000000000000000000000000000000000000000000000000000000000000000000000000000000000000000000000000000000000000
0000000000000000000000000000000000000000000000000000000000000000000000000000000000000000000000000000000000000000001000000000111000000010000000011011000000100000001100010000001000000010000100000010000000100011000000100000001000100000110000000010011111110000000000111111000000000000001000000000000000000000000000000000000000000000000000000000000000000000000000000000000000000000000000000000000000000000
0000000000000000010000000000000000000100000000111110000001000000011000100000010000000100001000000100000010000010000001000000110000100000010000000111111111111100000000011000000000000000000000000000000000000000000000000000000000000000000000000000000000000000000000000000000000000000000000000000000000000000000000000000000000000000000000000000000000000000000000000000000000000000000000000000000000000000
0000000000000000000000000000000000000000000000000000000000000000000000000000000000000000000000000000000000000000001000000001111000000010000000110010000000100000011000100000000100000100001000000001000001000110000000010000110011000011111100001001111111000000000010111000000000000000110000000000000000000000000000000000000000000000000000000000000000000000000000000000000000000000000000000000000000000000
0000000000000000000000000000000000000000000000000000000000000000000000000000000000000000000000000100000000000000000001100000000000000000001000000000000000000010000000000000000000100000000011110000001000000001100110000010000000100001100001000000011000010000010000000100001100001100000001000110000010000000001111111111000000000000000000000000000000000000000000000000000000000000000000000000000000000000
0000000000000000000000000000000000000000000000000000000000000000000000010000000000000000000010000000000000000000100000000011111000001000000001100010000010000000010000100000100000000100011000001000000001001100000010000000010110001111100000000111111100000000000000000000000000000000000000000000000000000000000000000000000000000000000000000000000000000000000000000000000000000000000000000000000000000000
0000000000000000000000000000000000000000000000000000000000000000000000000001000000000111000000001000000011001000000010000001000001000000100000100000010000001000001000000100000011000100000011000000010001000000100000000100001000011000000001000000001100000000010000011111111111111000000000000000000000000000000000000000000000000000000000000000000000000000000000000000000000000000000000000000000000000000
0000000000000000000000000000000000100000000000000000001000000000000000000010000000000000000000100000000000000000001000000000111110000011000000011000100000010000000100001000000100000011000010000001000000100001100000010000001000010000000100000010001100000110000000011111111110000000000000000000000000000000000000000000000000000000000000000000000000000000000000000000000000000000000000000000000000000000
0000000000000000100000000000000000001000000000000000000001000000011110000000010000001000100000000100000100001000000001000001000010000000110000100000100000011000001000010000011100000010011111111100000000111100000000000000001000000000000000000000000000000000000000000000000000000000000000000000000000000000000000000000000000000000000000000000000000000000000000000000000000000000000000000000000000000000
0000000000000000000000000000000000000000000000000000000000000000000000000000000000000000000000000000000000000000000000000000000000000000000000000000000000000000000000000000010000000000000000000110000000011110000000100000001100100000001000000010001000000010000000100010000000100000001001111111111000000011110000000000000000100000000000000000000000000000000000000000000000000000000000000000000000000000
0000000000000010000000000000000000100000000000000000001100000000111000000001000000011001000000010000000100011000000100000001000010000001000000010001100000010000000111111111111000000001110000000000000000000000000000000000000000000000000000000000000000000000000000000000000000000000000000000000000000000000000000000000000000000000000000000000000000000000000000000000000000000000000000000000000000000000
0000000000000000000000000000000000000000000000000000000000000000000000000000000000000000000000000000000000000000000000000000000000000000000000000000000000000000000000000000000000000000000000000000001000000000000000000010000000001111100000100000000010000100001000000001000001000010000000010000010000100000000100001100001000000001000110001110000000010111111100000000000000000000000000000000000000000000
0000000000000000000000000000000000000000000000000000000010000000000000000000100000000000000000001000000000111000000010000000011011000000100000000100010000001000000010000100000100000000100001000011000000001000110001100000000011111111100000000000000000000000000000000000000000000000000000000000000000000000000000000000000000000000000000000000000000000000000000000000000000000000000000000000000000000000
0000000000000000000000000000000000000000000000000000000000000000000000001000000000111100000010000000011001000000100000000100010000001100000001001100000011000000010111111111100000000110000000000000000000000000000000000000000000000000000000000000000000000000000000000000000000000000000000000000000000000000000000000000000000000000000000000000000000000000000000000000000000000000000000000000000000000000
0000000000000000000000000000000000000000000000000000000000000000000000000000000000000000000000000000000000000000000000000000000000000000000000000000000010000000000000000000010000000000000000000100000000011110000001000000000100100000010000000011001000000100000000100010000001000000001011111111110000000001100000000000000000000000000000000000000000000000000000000000000000000000000000000000000000000000
0000000000000000000000000000000000000000000000000000000000000000000000000000000000000000000000000000000000000000000000000000000000000000000000000000000010000000000000000000010000000000000000000100000000011110000001000000000100100000010000000011001000000100000000100010000001000000001011111111110000000001100000000000000000000000000000000000000000000000000000000000000000000000000000000000000000000000
0000000000000000000000000000000000000000000000000000000000000000000000000000000000000000000000000000000000000000100000000000011000001000000000011011000010000000000100010000110000000001000100000100000000000011001111000000000100111110000000000001111000000000000000000000000000000000000000000000000000000000000000000000000000000000000000000000000000000000000000000000000000000000000000000000000000000000
0000000000000000000000000000000000000000000000000000000000000000000000000000000000000000000000100000000000000000001000000000111100000010000000011001000000110000000100010000000100000001000100000001000000000001000000010000000100110000000100000000111111111111000000000000000000000000000000000000000000000000000000000000000000000000000000000000000000000000000000000000000000000000000000000000000000000000
0000000000000000000000000000000000000000000001100000000100000001111100000001000000010000100000010000001100001000000100000010000010000001100000100001100000001000001000010000000110000010001111111111000000111111100000000000000110000000000000000000000000000000000000000000000000000000000000000000000000000000000000000000000000000000000000000000000000000000000000000000000000000000000000000000000000000000
0000000000000000000000000000000000000000000000000000000000000000000000000000000000000000000000000000000000000000001000000000000000000010000000000110000000100000000110110000001000000011000100000001000000100001000000010000001000110000000100000010011000000001000000111111111111100000001000000000000000000000000000000000000000000000000000000000000000000000000000000000000000000000000000000000000000000000
0000000000000000000000000000000000000000000000000000000000000000000000000010000000000111000000100000000111011000001000000001000010000010000000100000100000100000001000001000000100000010000110000001000000100001000000010000001001100000001100000010111111111100000000110000000000000000000000000000000000000000000000000000000000000000000000000000000000000000000000000000000000000000000000000000000000000000
0000000000000000000000000000000000000000000000000000000000000000000000000001000000001111100000010000000110001000000100000011000010000001000000100000100000001000001000011000000010000011000100000000100000010010000000111000000011111111110000000000000000000000000000000000000000000000000000000000000000000000000000000000000000000000000000000000000000000000000000000000000000000000000000000000000000000000
0000000000000000000000000000000000000000000000000000000000000000000000000001000000001111100000010000000110001000000110000011000010000001100000100000100000001000001000011000000010000011000100000000100000010010000000111000000011111111110000000000000000000000000000000000000000000000000000000000000000000000000000000000000000000000000000000000000000000000000000000000000000000000000000000000000000000000
0000000000000000000000000000000000000000000000000000000000000000000000000001000000001111100000010000000110001000000110000011000010000001100000100000100000001000001000011000000010000011000110000000100000010011000000111000000011111111110000000000000000000000000000000000000000000000000000000000000000000000000000000000000000000000000000000000000000000000000000000000000000000000000000000000000000000000
0000000000000000000000000000000000000000000000000000000000000000000000000001000000001111100000010000000110001000000110000011000010000001100000100000100000001000001100011000000010000011000110000000100000010011000000111000000011111111110000000000000000000000000000000000000000000000000000000000000000000000000000000000000000000000000000000000000000000000000000000000000000000000000000000000000000000000
0000000000000001000000000000000000010000000000000000000100000000000000000001000000000111000000010000000010011000000100000001000010000001000000110000100000010000001000000100000100000110000001000001000001000000010000010000010000001000000100000100000010000001000001000001100000010000010000110000000100000111111111110011000000000000000111100000000000000000000000000000000000000000000000000000000000000000
0000000000000000000100000000000000000001000000000000000000010000001100000000000100001111110000000001000110000100000000010001000001000000000100110000010000000001001000000100000000010010000001000000000100100000100000000001001000011000000000010011001100000000000100011111100000000001000000000111100000110000000000000111111000000000000000000000000000000000000000000000000000000000000000000000000000000000
0000000000000000100000000000000000001000000000000000000011000011111000000000010001100010000000000100010000110000000001000100000100000000010010000001000000000100100000100000000000101000001000000000001011000110000000000110010001000000000001000100110000000000110001011000000000111000011111111111110000000000000000000000000000000000000000000000000000000000000000000000000000000000000000000000000000000000
0000000000000000000000000000000000010000000000000000000100000000111100000001000000011001000000010000001100010000000100000110000100000001100001000011000000001000010000100000000010000100011000000000100001111111111110011000011100000000000000000100000000000000000000000000000000000000000000000000000000000000000000000000000000000000000000000000000000000000000000000000000000000000000000000000000000000000
0000000000000000000000000000000000000000000000000000000000000000000000000000000000000000000000000100000000000000000000100000000000000000001000000000000000000010000000000000000000100000000000000000001000000000000000000010000000001111000000100000000110010000001000000001000100000010000000010001000000100000000100010000001000000001001000001110000000011111111110000000000000000000000000000000000000000000
0000000000000001000000000000000000010000000001111100000100000000110001100001000000001000001000011000000010000010000010000000100001100000100000001000010000001000000010001100000010000000111111111111100000001100000000000000000000000000000000000000000000000000000000000000000000000000000000000000000000000000000000000000000000000000000000000000000000000000000000000000000000000000000000000000000000000000
0000000000000000000000000000000000000000000000000000000000000000000000000000000000000000000000000000000000000000000010000000000110000000100000000110011000001000000010000010000001000001100000100000010000010000001000000100000100000110000001000001000011111111110000010111110000000000000000000000000000000000000000000000000000000000000000000000000000000000000000000000000000000000000000000000000000000000
0000000000000000000000000000000000000000000000000000000000000000000000000000100000000000000000001000000000011000000010000000011111000000100000000100010000000100000011000100000001000000100011000000010000011000100000001100000100011000011110000001011111111000000000000000000000000000000000000000000000000000000000000000000000000000000000000000000000000000000000000000000000000000000000000000000000000000
0000000000000000000000000000000000000000000000000000000000000000000000000000100000000000000000001000000000011000000010000000011111000000100000000100010000000100000011000100000001000000100011000000010000011000100000001100000100011000011110000001011111111000000000000000000000000000000000000000000000000000000000000000000000000000000000000000000000000000000000000000000000000000000000000000000000000000
0000000000000000000000000000000000000000000000000000000000000000000000000000100000000000000000001000000000011000000010000000011111000000100000000100010000000100000011000100000001000000100011000000010000011000100000001100000111111000011110000001111111111000000000000000000000000000000000000000000000000000000000000000000000000000000000000000000000000000000000000000000000000000000000000000000000000000
0000000000000000000000000000000000000000000000000000000000000000000000000000100000000000000000001000000000011000000010000000011111000000110000000100010000000100000011000100000001000000100011000000010000011000100000001100000111111000011110000001111111111000000000000000000000000000000000000000000000000000000000000000000000000000000000000000000000000000000000000000000000000000000000000000000000000000
0000000000000000000000000000000000000000000000000000000000000000000000000001000000000000000000011000000001111000000010000001110010000000100000010000100000001000001100001000000010000010000110000000010000100001000000000100001000110000000001000011111111111100110000100000000001110000000000000000000000000000000000000000000000000000000000000000000000000000000000000000000000000000000000000000000000000000
0000000000000001000000000000000000010000000000000000000110000011101100000000100000100001000000001000011000010000000010000100000100000000100001100001000000001000001000110000000010000010001000000001100000111111111111110000000111000000000000000000000000000000000000000000000000000000000000000000000000000000000000000000000000000000000000000000000000000000000000000000000000000000000000000000000000000000
0000000000000001000000000000000000010000000000000000000110000011111100000000100000100001000000001000011000010000000010000100000100000000100001100001000000001000001000110000000010000010001000000001100000111111111111110000000111000000000000000000000000000000000000000000000000000000000000000000000000000000000000000000000000000000000000000000000000000000000000000000000000000000000000000000000000000000
0000000000000000000000000000000000000000000000000000000000000000000000000000000000000000000001000000000000000000010000000000111000000010000000010001000000100000001100010000001000000010000100000010000000100001000000110000001000010000000100000010001100000001000000111111111111110000000111000000000000000000000000000000000000000000000000000000000000000000000000000000000000000000000000000000000000000000
0000000000000000000000000000000000000000000000000000000000000000000000000000000000011111000000100000001100011000000100000010000010000001000001100000100000010000010000001000000100000100000100000001000001000011000000010000010001100000000100000011111111111101000000000000000001110000000000000000000000000000000000000000000000000000000000000000000000000000000000000000000000000000000000000000000000000000
0000000000000000000000000000000000000000000000000000000000000000000000000000000000000000000001000000000111100000010000000011001000000100000000100010000001100000001000100000001000000010001000000110000000100010000001000000001111111111100000000001110000000000000000000000000000000000000000000000000000000000000000000000000000000000000000000000000000000000000000000000000000000000000000000000000000000000
0000000000000000000000000000000000000000000000000000000000000000000000000000000000000000000000000000000001110000000100000000110110000001000000010000100000010000001000001100000100000010000001000001000000100000010000010000001110001000001100000000111111111010000000000000000011000000000000000000000000000000000000000000000000000000000000000000000000000000000000000000000000000000000000000000000000000000
0000000000000000000000000000000000000000000000000000000000000000000000000000000000000000000000010000000011110000000100000001100110000001100000110000100000001000001000011000000010000010000100000000100000100011000000001000001001100000000010000001111111000001100000000000001111110000000000000000000000000000000000000000000000000000000000000000000000000000000000000000000000000000000000000000000000000000
0000000000000000000000000000000000000000000000000000000000000000000000000000000000000000000000000000000000000000000001000000000001110000010000000001110110000100000000110000100001000000011000001000010000000100000010000100000001000001000001000000010000010000010000000011111000000100000000011111111101000000000000000001110000000000000000000000000000000000000000000000000000000000000000000000000000000000
0000000000000000000000000000000000000000000000000000000100000000000000000001100000000110000000001000000011010000000010000001100110000000100000010001100000001000001100010000000010000010011100000001100000111111111111110000001100000000000000000000000000000000000000000000000000000000000000000000000000000000000000000000000000000000000000000000000000000000000000000000000000000000000000000000000000000000
0000000000000000000000000000000000000000000000000000000000000000000000000000000000000000000000000000000000000000000000000000000000000001000000000011110000010000000001100100000100000000010001000001000000001100010000010000000010001100000010000000111111111111100000000100000000000000000000000000000000000000000000000000000000000000000000000000000000000000000000000000000000000000000000000000000000000000
0000000000000000000000000000000000000000000000000000000000000000000000000000000000000000000000000000000000000000000000000000000000000000000000111000000000000000011001000000010000001100011000000100000010000010000001100000100000100000001000001000001000000010000010000110000000100000100011000011110000001111111111100000000001000000000000000000000000000000000000000000000000000000000000000000000000000000
0000000000000000000000000000000000010000000001111000000100000000100011000001000000011000010000001000000100000100000010000001000001000000100000010000010000001000000100001000000010000001111111111111000000000000000000000000000000000000000000000000000000000000000000000000000000000000000000000000000000000000000000000000000000000000000000000000000000000000000000000000000000000000000000000000000000000000
0000000000000000000000000000000000000000000000000000000000000000000000000000000000000000000001000000000011110000010000000001100100000110000000010001000000100000000100010000001000000001001111111110000000011110000000000000000000000000000000000000000000000000000000000000000000000000000000000000000000000000000000000000000000000000000000000000000000000000000000000000000000000000000000000000000000000000
0000000000000000000000000000000000000000000000000000000000000000000000000000000000000000000000000000000000000000000000000000001110000001000000001110110000011000000010000100000010000000100001000000100000001000010000001000000010001000000010000000011111111111100000000000000000000000000000000000000000000000000000000000000000000000000000000000000000000000000000000000000000000000000000000000000000000000
0000000000000000000000000000000000000000000000000000000000000000000000000000000000000000000000000000000000000000000000000000000000000000000000000000000000000000000000000000000000000000000000000011000000000000000000010000000000111100000100000000011001100001000000000100001000010000000011000010000010000000101111100001100000000101111111110000000000000000000000000000000000000000000000000000000000000000
0000000000000000000000000000000000000000000000000000000000000000000000000000000000000000000000000000000000000000001000000000001100000010000000001101100000100000000010001000001100000001100010000001000000010001100000010000000100010000000100000001111111111111000000001100000000000000000000000000000000000000000000000000000000000000000000000000000000000000000000000000000000000000000000000000000000000000
0000000000000000000000000000000000000000000000000000000000000000000000000000000000000000000000010000000011100000000010000011001110000000100000100000100000001000001000000100000010000010000001000000100000000000010000001000001000001000000010000010111110000011100000000000011111000000000000000000000000000000000000000000000000000000000000000000000000000000000000000000000000000000000000000000000000000000
0000000000000000000000000000000000000000000000000000000000000000000000000000100000000000000000001100000000000000000001000000011100000000010000001000100000000110000110000100000000100001000001000000001000010000010000000010000100001100000001000001000010000111100000001111111111000000000000000000000000000000000000000000000000000000000000000000000000000000000000000000000000000000000000000000000000000000
0000000000000000000000000000000000000000000000000000000000000000000000000010000000000110000000100000000111110000001100000011000110000001000000100000100000010000001000001000000100000010000110000001000000110001000000010000000100110000011100000001111111111100000000000000000000000000000000000000000000000000000000000000000000000000000000000000000000000000000000000000000000000000000000000000000000000000
0000000000000000000000000000000000000000000000000000000000000000000000000000000000000000000000000000000000000000000000000000000000000010000000011111000000010000001100010000000100000010000100000001000001100001000000010000010000010000000100000100000100000001000001100011000000110000001111111111110000000000000000000000000000000000000000000000000000000000000000000000000000000000000000000000000000000000
0000000000000000000000000000000000000000000000000000000000000000000000000000000000000000000000100000000000000000001100000000000000000001000000000111000000010000000010001100000100000001000001000001000000010000010000010000000100000100001000000001000001000010000000011000110001100000000001111111110000000000000000000000000000000000000000000000000000000000000000000000000000000000000000000000000000000000
0000000000000000000000000000000000000000000000000000000000000000000000000000100000000000000000001000000000000000000010000000000000000000100000001111100000001000000110001100000010000001000001000000100000100000011000001000001000000010000010000010000001100000100000110000110000001000000011111111111110000000000000000000000000000000000000000000000000000000000000000000000000000000000000000000000000000000
0000000000000000000000000000000000000000000000000000000000000000000000000000000000000000000000000000000000011100000000100000001101100000001000000110001100000010000011000001000000010000100000010000000100011000000100000001000100000011000000010001100001100000000100001111111111111111000000000000000000000000000000000000000000000000000000000000000000000000000000000000000000000000000000000000000000000000
0000000000000000000000000000000000000000000000000000000000000000000000000000000000000000000000001000000011110000000011000001000110000000010000110000100000000100001000001000000001000110000010000000010001000000100000000100011000001000000001000001111111111111100000001100000000000000000000000000000000000000000000000000000000000000000000000000000000000000000000000000000000000000000000000000000000000000
0000000000000000000000000000000000000000000000000000000000000000000000000000100000000000000000001000000011110000000010000001100110000000100000010000110000001000000100000100000010000001000011000000100000010001100000011000000111111111111100000000000000000000000000000000000000000000000000000000000000000000000000000000000000000000000000000000000000000000000000000000000000000000000000000000000000000000
0000000000000000000000000000000000000000000000000000000000000000000000000000000000000000000000000000000000000000000000000000000000000000000000000000000000000000000000000000000000000000111000000000100000011001000000001000001100011000000010000010000010000000100000100000100000000100001000011000000001000010000100000000010000010111000000000100000010000111111111000000000000000000000000000000000000000000
0000000000000000000000000000000000000000000000000000000000000000000000000000000000000000000000000000000000000000000000000000000000000000000000001110000000010000000110110000000100000011000100000000100000100001000000001000011000010000000110000100001100000011000001111111111111100000001000000000000000000000000000000000000000000000000000000000000000000000000000000000000000000000000000000000000000000000
0000000000000000000000000000000000000000000000000000000000000000000000000000000000000000000000000000000000000000000000000000111000000000100000011011000000001000001100001000000010000010000010000000100000100000100000001100001000001000000001000010000010000000010000100011100000011100001111111111111100000000000000000000000000000000000000000000000000000000000000000000000000000000000000000000000000000000
0000000000000000000000000000000000000110000000000000000000100000000000000000001000000001111100000010000000110001100000100000011000001000001000001100000010000010000010000001000000100001100000010000001000010000001100000010000100000010000000100001000001000000001000010000111111111100000011110000000000000000000000000000000000000000000000000000000000000000000000000000000000000000000000000000000000000000
0000000000000000000000000000000000000000000000000000000000000000000000000000000000000000000000000000000000000000000001000000000000000000010000000111110000000100000010000100000001100001000001000000001000110000000000000010001000000100000000110010000001000000011100000000110000111100001111111111110000000000110000000000000000000000000000000000000000000000000000000000000000000000000000000000000000000000
0000000000000000000000000000000000000000000000000000000000000000000000000000100000000111100000000100000011001000000001000001100010000000010000010000100000000100001000001000000001000010000010000000010000100001100000111100001111111111110000000000000000000000000000000000000000000000000000000000000000000000000000000000000000000000000000000000000000000000000000000000000000000000000000000000000000000000
0000000000000000000000000000000000000000000000000000000000000000000000000000000000000000000000000000000000000000000011000000000000000000010000000000000000000100000001111100000001000000110000100000010000001000001000000110000110000010000000100001000000100000001000010000001000000010001100000110000011100011111111111111100000100000000000000000000000000000000000000000000000000000000000000000000000000000
0000000000000000000000000000000000000000000000000000000000000000000000000000000000000000000000001000000001111100000010000001110001000000100000010000011000001000001100000010000011000010000001100000010000100000010000000100001000001100000001000010001110000000110000111111111111111000001000000000000000000000000000000000000000000000000000000000000000000000000000000000000000000000000000000000000000000000
0000000000000000000000000000000000000000000000000000000000000000000000000000000000000000000000010000000000000000000100000000011100000001000000001101100000010000000110001100000100000001000001000001000000010000010000010000000100001100000100000000111111100011000000001110000111100000000000000000000000000000000000000000000000000000000000000000000000000000000000000000000000000000000000000000000000000000
0000000000000000000000000000000000000000000000000000000000000000000000000000000000000000000000000000000000000000000000000000000000000000110000000011110000000100000001100110000001000000110000100000010000001000001000000110000110000010000000100001000000100000001000010000011000000110000100001100000001000000111111111100110000000000000000000000000000000000000000000000000000000000000000000000000000000000
0000000000000000000000000000000000000000000000000000000000000000000000000000000000000000000000000000000000000000000000000000000000000000110000000011110000000100000001100110000001000000110000100000010000001000001000000110000110000010000000100001000000100000001000010000011000000110000100001100000001000000111111111110110000000000000000000000000000000000000000000000000000000000000000000000000000000000
0000000000000000000000000000000000000000000000000000000000000000000000000000000000000000000000000000000000000000000000000000000000000000110000000011110000000100000001100110000001000000110000100000010000001000001000000110000110000010000000100001000000100000001000010000011000000110000100001100000001000000111111111111110000000000000000000000000000000000000000000000000000000000000000000000000000000000
0000000000000000000000000000000000000000000000000000000000000000000000000000000000000000000000000000000001111000000000000000010011000000100000001000010000001000000010000100000010000001000001000000110000010000010000000100000100001100000001000001111111111111110000000000000000000000000000000000000000000000000000000000000000000000000000000000000000000000000000000000000000000000000000000000000000000000
0000000000000000000000000000000000000000000000000000000000000000000000000000000000000000000000010000000011100000000100000000101100000001000000011001000000010000000100010000000100000001000100000001000000100001000000110000001000110011111000000011111111000000000000000000000000000000000000000000000000000000000000000000000000000000000000000000000000000000000000000000000000000000000000000000000000000000
0000000000000000000000000000000000000000000000000000000000000000000000000000010000001110000000000100000110011000000001000011000001000000010000100000011000000100001000000010000001000110000000100000010001000000001000000100010000000110000001000011111111001111110000000001111100000000000000000000000000000000000000000000000000000000000000000000000000000000000000000000000000000000000000000000000000000000
0000000000000000000000000000000000000000000000000000000000000000000000000000010000001110000000000100000110011000000001000011000001000000010000100000011000000100001000000010000001000110000000100000010001000000001000000100010000000110000001000011111111111111110000000001111100000000000000000000000000000000000000000000000000000000000000000000000000000000000000000000000000000000000000000000000000000000
0000000000000000000000000000000000000000000000000000000000000000000000000000010000000111100000000100000010001100000001000001000001000000010000110000010000000100001000000100000001000110000001000000010001000000010000000100000000000100000010000001111111111111100000000000000000000000000000000000000000000000000000000000000000000000000000000000000000000000000000000000000000000000000000000000000000000000
0000000000000000000000000000000000000000000000000000000000000000000000000000010000000111100000000100000010001100000001000001000001000000010000110000010000000100001000000100000001000110000001000000010001000000010000000100010000000100000010000011111111111111100000000000000000000000000000000000000000000000000000000000000000000000000000000000000000000000000000000000000000000000000000000000000000000000
0000000000000000000000000000000000000000000000000000000000000000000000000000000000000000000000000000000000000000000000000000000000000010000000111111000000010000001000011000000100000100000010000001000001000000100000010000010000001000000100000100000010000001000001100001100001110000001111111111110000000000000000000000000000000000000000000000000000000000000000000000000000000000000000000000000000000000
0000000000000000000000000000000000000000000000000000000000000000000000000000000000000000000000000000000001111000000000000000110011000000010000010000010000000100001100000100000001000110000001000000010001000000100000001100010011111111111110000011111000000000000000000000000000000000000000000000000000000000000000000000000000000000000000000000000000000000000000000000000000000000000000000000000000000000
0000000000000000000000000000000000000000000000000000000000000000011000000000000000011011000000000100000100001000000001000011000010000000010000100000100000000100011000000000000001000100000010000000110001000011111111110000001111100000000000000000000000000000000000000000000000000000000000000000000000000000000000000000000000000000000000000000000000000000000000000000000000000000000000000000000000000000
0000000000000000000000000000000000000000000000000000000000000000000000000000000000000000000000000000000000000000000000000000001111000000010000001100011000000100000010000010000001000001000000100000010000110000001000000100001000000010000001000010000000100000010000100000110000001100001111111111111110000000000000000000000000000000000000000000000000000000000000000000000000000000000000000000000000000000
0000000000000000000000000000000000000000000000000000000000000000000000000000000000000111110000000000000011000110000010000001000000100000010000110000001000000100001000000010000001000110000001000000010001000000110000001100011111111111111110000000000000000000000000000000000000000000000000000000000000000000000000000000000000000000000000000000000000000000000000000000000000000000000000000000000000000000
0000000000000000000000000000000000000000000011111000000000000001000010000000000000100000110000001000011000000100000010000100000001000000100001000000010000001000010000001100000010000100000010000000100001000000100011111000011111111110000000000100000000000000000000000000000000000000000000000000000000000000000000000000000000000000000000000000000000000000000000000000000000000000000000000000000000000000
0000000000000000000000000000000000000000000011111000000000000001000010000000000000100000110000001000011000000100000010000100000001000000100001000000010000001000010000001100000010000100000010000000100001000000100111111000011111111110000000000100000000000000000000000000000000000000000000000000000000000000000000000000000000000000000000000000000000000000000000000000000000000000000000000000000000000000
0000000000000000000000000000000000000000000000000000000010000001111110000000100000010000110000001000001000000100000010000010000001000000100001100000010000000100010000001000000001000100000110000001110001000111111111110000010111000000000000000110000000000000000000000000000000000000000000000000000000000000000000000000000000000000000000000000000000000000000000000000000000000000000000000000000000000000
0000000000000000000000000000000000000000000000000000000010000001111110000000100000010000110000001000001000000100000010000010000001000000100001100000010000001100010000001000000001000100000110000001110001000111111111110000010111000000000000000110000000000000000000000000000000000000000000000000000000000000000000000000000000000000000000000000000000000000000000000000000000000000000000000000000000000000
0000000000000000000000000000000000000000000000000000000000000000000000000000000000000000000000010000000011110000000100000001000110000001000000110000100000011000001000000100000010000110000001000000100001000000100000010000010000011000001100000111001101111110000000011111100000000000000000000000000000000000000000000000000000000000000000000000000000000000000000000000000000000000000000000000000000000000
0000000000000000000000000000000000000000000000000000000000000000000000000000000000000011100000000100000011101110000001000000100000100000010000010000000100000100000100000001000001000010000000010000010000100000001000000100001100000010000001000001000001000000010000000111111111111100000000000000000000000000000000000000000000000000000000000000000000000000000000000000000000000000000000000000000000000000
0000000000000000000000000000000000000000000000000000000010000000011110000000010000001100110000000100000010000110000001000001000000100000010000110000001000000100001000000010000001000110000000100000010001000000011000001100011110001100000010000001111111111111000000000000000000000000000000000000000000000000000000000000000000000000000000000000000000000000000000000000000000000000000000000000000000000000
0000000000000000000000000000000000000000000000000000000000000000000000000000000000000001100000000000000001111100000001000001100001000000010000110000001000000100001000000010000000100110000000100000001001000000010000000010010000001100000000100100000110000000001001111111111111111110011100000000000000000000000000000000000000000000000000000000000000000000000000000000000000000000000000000000000000000000
0000000000000000000000000000000000000000000000000000000000000000000000000000000000000000000000000000000001111100000000000000110000100000010000011000000100000100000100000001000001000011000000010000010000100000000100000100001000000011000000100010000000100000001000110000111001111110000011111111100000000000000000000000000000000000000000000000000000000000000000000000000000000000000000000000000000000000
0000000000000000000000000000000000001000000000000000000010000000000000000000100000000111100000001000000011001100000010000001100001000000100000010000010000001000000100000100000010000001000001000000100000010000010000001000000100001100000010000000111111111111100000000000000000000000000000000000000000000000000000000000000000000000000000000000000000000000000000000000000000000000000000000000000000000000
0000000000000000000000000000000000000000000000000000000001000000001111100000010000000100001000000100000010000010000001000001100000100000010000010000001000000110000100000110000000100001000011000000001000010111111111111110000000000000000000000000000000000000000000000000000000000000000000000000000000000000000000000000000000000000000000000000000000000000000000000000000000000000000000000000000000000000
0000000000000000000000000000000000000010000000111110000000100000011000110000001000001100000100000010000010000001000000100001000000010000001000010000001000000011000100000110000000010001111111000000001100011111011111111110000100000000000000000000000000000000000000000000000000000000000000000000000000000000000000000000000000000000000000000000000000000000000000000000000000000000000000000000000000000000
0000000000000000000000000000000000000000000000000000000000000000000000000000000000000000000000001000000000111100000010000000111001100000100000011000001000001000000100000010000010000010000000100000100000110000001000001100000100001100000001000001001110000000010000001111111111111100000000000000000000000000000000000000000000000000000000000000000000000000000000000000000000000000000000000000000000000000
0000000000000000000000000000000000000000000000000000000000000000000000000000110000000011111000000100000001100010000001000000100000100000010000011000001000000100000100000110000001000001000011000000010000010001100000001100000111111111111110000000000000000000000000000000000000000000000000000000000000000000000000000000000000000000000000000000000000000000000000000000000000000000000000000000000000000000
0000000000000000000000000000000000000000000000000000000000000000000000000000000000000000000000011000000000000000000010000000111000000000100000110011000000001000001000011000000010000110000010000000100001000000100000110000010000010011111000000110011111100000000000111100000000000000000000000000000000000000000000000000000000000000000000000000000000000000000000000000000000000000000000000000000000000000
0000000000000000000000000000000000000000000000000000000000000000000000000000000000000000000000000000000111011100000000010011000001000000000100100000010000000001001000000100000000010010000001000000000100100000110000000001001000011000000000110011111111111111111000000000000000000000000000000000000000000000000000000000000000000000000000000000000000000000000000000000000000000000000000000000000000000000
0000000000000000000000000000000000000000000000000000000000000000000000000000000000000111000000000000000111011000000010000110000011000000100001000000010000001100110000000100000001001000000001000000010010000000010000000100100000001000000001001100000110000000010001100111111111111000000111110000000000000000000000000000000000000000000000000000000000000000000000000000000000000000000000000000000000000000
0000000000000000000000000000000000010000000000000000000100000000011100000001000000001101100000010000000110001000000100000011000010000001000000100000010000010000001000000100000100000010000001000001000000100000110000010000000000001000000100000000000110000001000000111111111111100000000111100000000000000000000000000000000000000000000000000000000000000000000000000000000000000000000000000000000000000000
0000000000000000000000000000000000000000000000000000000000000000000000000000000000000000000000000000000000000000000100000000000000000001000000000111000000010000000011011000000100000001100010000000100000010000100000001000000100011000000010000001001100000000110000011111111111111100000100000000000000000000000000000000000000000000000000000000000000000000000000000000000000000000000000000000000000000000
0000000000000000000000000000000000000000000000000000000000000000000000000000000000000000000000000000000111110000000100000001000110000001000000110000110000010000001000000100000100000010000001000001000001000000010000010000010000000100000100000100000010000001000001000000100000010000011000011000000100000011111111111110000000000000000000000000000000000000000000000000000000000000000000000000000000000000
0000000000000000000000000000000000000000000000000000000000000000000000000000000000000111000000010000000011011000000100000000100010000001000000011000100000001000000100001100000010000001000001000000100000010000010000001000000100001000000110000001100010000111000000001111111110000000000000000000000000000000000000000000000000000000000000000000000000000000000000000000000000000000000000000000000000000000
0000000000000000000000000000000000000000000000000000000000000000001100000000000000001100110000000100000010000100000001000001100001000000010000010000010000000100000100000100000001000001000011000000010000010000100000000100000100011000000001000001001100000000010000011111111111001100000110000000001110000000100000000000000000000000000000000000000000000000000000000000000000000000000000000000000000000000
0000000000000000000000000000000001000000000000000000010000000000000000000010000000000000000000100000000000111000001000000000111011000010000000011000010000100000000100001000001000000001000110000010000000011111110000100000000000000011111000000000000000000000000000000000000000000000000000000000000000000000000000000000000000000000000000000000000000000000000000000000000000000000000000000000000000000000
0000000000000000000000000000000000000000000000000000000000000000011110000000010000001100110000000100000110000100000001000001000001000000010000010000010000000100000100000100000000100001000001000000001000010000010000000010000100000100000000100001000010000000111000010111111111100000000010000000000000000000000000000000000000000000000000000000000000000000000000000000000000000000000000000000000000000000
0000000000000000000000000000000000000000000000000000000000000000011110000000010000001100110000000100000110000100000001000001000001000000010000010000010000000100000100000100000000100001000001000000001000010000010000000010000100000100000000100001000010000001111000010111111111100000000010000000000000000000000000000000000000000000000000000000000000000000000000000000000000000000000000000000000000000000
0000000000000000000000000000000000000000000000000000000000000000000000000001100000000111100000001000000011001100000010000000100001100000100000001000011000001000000011000100000010000000010001100000100000000110111000011000000000111011000100000000000000011111000000000000000000000000000000000000000000000000000000000000000000000000000000000000000000000000000000000000000000000000000000000000000000000000
